03020306.TOR
ACHZ
2025-03-02 03:06:57.018
100.0000 m/s
5113 muestras
39.27166165056232
36.27166165056232
27.271661650562322
36.27166165056232
38.27166165056232
32.27166165056232
39.27166165056232
42.27166165056232
39.27166165056232
36.27166165056232
30.271661650562322
26.271661650562322
28.271661650562322
39.27166165056232
41.27166165056232
33.27166165056232
35.27166165056232
37.27166165056232
35.27166165056232
29.271661650562322
23.271661650562322
24.271661650562322
31.271661650562322
29.271661650562322
15.271661650562322
14.271661650562322
5.271661650562322
-4.728338349437678
1.2716616505623222
2.271661650562322
-1.7283383494376778
1.2716616505623222
7.271661650562322
8.271661650562322
10.271661650562322
15.271661650562322
10.271661650562322
5.271661650562322
5.271661650562322
2.271661650562322
20.271661650562322
36.27166165056232
24.271661650562322
11.271661650562322
11.271661650562322
19.271661650562322
17.271661650562322
15.271661650562322
7.271661650562322
-3.728338349437678
10.271661650562322
25.271661650562322
20.271661650562322
15.271661650562322
22.271661650562322
10.271661650562322
0.27166165056232217
-1.7283383494376778
-14.728338349437678
-4.728338349437678
-1.7283383494376778
1.2716616505623222
3.271661650562322
3.271661650562322
13.271661650562322
4.271661650562322
12.271661650562322
16.271661650562322
11.271661650562322
19.271661650562322
0.27166165056232217
-3.728338349437678
5.271661650562322
-2.728338349437678
-8.728338349437678
-14.728338349437678
-19.728338349437678
-18.728338349437678
-11.728338349437678
-6.728338349437678
-4.728338349437678
-3.728338349437678
-13.728338349437678
-7.728338349437678
18.271661650562322
15.271661650562322
-6.728338349437678
-5.728338349437678
-6.728338349437678
-21.728338349437678
-10.728338349437678
6.271661650562322
3.271661650562322
-5.728338349437678
-19.728338349437678
-21.728338349437678
-21.728338349437678
-28.728338349437678
-40.72833834943768
-36.72833834943768
-32.72833834943768
-36.72833834943768
-18.728338349437678
-14.728338349437678
-5.728338349437678
14.271661650562322
8.271661650562322
-1.7283383494376778
-13.728338349437678
-18.728338349437678
-20.728338349437678
-22.728338349437678
-13.728338349437678
-10.728338349437678
-16.728338349437678
-30.728338349437678
-27.728338349437678
-5.728338349437678
0.27166165056232217
4.271661650562322
26.271661650562322
27.271661650562322
11.271661650562322
12.271661650562322
15.271661650562322
4.271661650562322
2.271661650562322
7.271661650562322
-6.728338349437678
-16.728338349437678
-9.728338349437678
-10.728338349437678
-18.728338349437678
-10.728338349437678
-5.728338349437678
-20.728338349437678
-22.728338349437678
-21.728338349437678
-26.728338349437678
-11.728338349437678
0.27166165056232217
-0.7283383494376778
4.271661650562322
8.271661650562322
5.271661650562322
9.271661650562322
13.271661650562322
15.271661650562322
7.271661650562322
4.271661650562322
-0.7283383494376778
-15.728338349437678
-8.728338349437678
-2.728338349437678
-12.728338349437678
-8.728338349437678
-4.728338349437678
-15.728338349437678
-15.728338349437678
-4.728338349437678
6.271661650562322
8.271661650562322
-1.7283383494376778
0.27166165056232217
-0.7283383494376778
-7.728338349437678
-0.7283383494376778
-1.7283383494376778
-12.728338349437678
-12.728338349437678
-17.728338349437678
-25.728338349437678
-22.728338349437678
-19.728338349437678
-19.728338349437678
-18.728338349437678
-19.728338349437678
-23.728338349437678
-18.728338349437678
-20.728338349437678
-25.728338349437678
-26.728338349437678
-30.728338349437678
-36.72833834943768
-36.72833834943768
-40.72833834943768
-45.72833834943768
-34.72833834943768
-34.72833834943768
-34.72833834943768
-19.728338349437678
-16.728338349437678
-21.728338349437678
-27.728338349437678
-39.72833834943768
-42.72833834943768
-33.72833834943768
-30.728338349437678
-35.72833834943768
-34.72833834943768
-30.728338349437678
-30.728338349437678
-27.728338349437678
-14.728338349437678
-14.728338349437678
-26.728338349437678
-34.72833834943768
-41.72833834943768
-34.72833834943768
-24.728338349437678
-22.728338349437678
-17.728338349437678
-16.728338349437678
-18.728338349437678
-13.728338349437678
-6.728338349437678
-10.728338349437678
-11.728338349437678
-4.728338349437678
-1.7283383494376778
-3.728338349437678
-7.728338349437678
-19.728338349437678
-21.728338349437678
-9.728338349437678
-4.728338349437678
-4.728338349437678
0.27166165056232217
5.271661650562322
2.271661650562322
4.271661650562322
0.27166165056232217
-12.728338349437678
-14.728338349437678
-14.728338349437678
-17.728338349437678
-15.728338349437678
-14.728338349437678
-18.728338349437678
-18.728338349437678
-5.728338349437678
-4.728338349437678
-17.728338349437678
-19.728338349437678
-16.728338349437678
-11.728338349437678
-10.728338349437678
-12.728338349437678
-13.728338349437678
-9.728338349437678
-4.728338349437678
2.271661650562322
15.271661650562322
8.271661650562322
1.2716616505623222
7.271661650562322
1.2716616505623222
-0.7283383494376778
0.27166165056232217
-4.728338349437678
-10.728338349437678
-12.728338349437678
-5.728338349437678
-5.728338349437678
-10.728338349437678
-10.728338349437678
-7.728338349437678
2.271661650562322
2.271661650562322
0.27166165056232217
2.271661650562322
-1.7283383494376778
-6.728338349437678
-4.728338349437678
-3.728338349437678
-3.728338349437678
1.2716616505623222
10.271661650562322
9.271661650562322
6.271661650562322
17.271661650562322
23.271661650562322
18.271661650562322
14.271661650562322
11.271661650562322
2.271661650562322
-1.7283383494376778
-0.7283383494376778
-1.7283383494376778
-4.728338349437678
-7.728338349437678
-3.728338349437678
-7.728338349437678
-13.728338349437678
-12.728338349437678
-7.728338349437678
-1.7283383494376778
-7.728338349437678
-5.728338349437678
8.271661650562322
9.271661650562322
7.271661650562322
10.271661650562322
5.271661650562322
7.271661650562322
10.271661650562322
-0.7283383494376778
-5.728338349437678
0.27166165056232217
-3.728338349437678
-10.728338349437678
8.271661650562322
14.271661650562322
18.271661650562322
19.271661650562322
8.271661650562322
-2.728338349437678
3.271661650562322
9.271661650562322
8.271661650562322
101.27166165056232
128.27166165056232
40.27166165056232
110.27166165056232
126.27166165056232
-1274.7283383494378
-3973.7283383494378
-4695.728338349438
-2732.7283383494378
-1033.7283383494378
303.27166165056235
2231.2716616505622
3169.2716616505622
2358.2716616505622
1568.2716616505622
2054.2716616505622
1721.2716616505622
901.2716616505624
697.2716616505624
-130.72833834943768
-1070.7283383494378
-2012.7283383494378
-1454.7283383494378
-338.72833834943765
-1351.7283383494378
-3301.7283383494378
-4171.728338349438
-2417.7283383494378
-1139.7283383494378
-890.7283383494376
1608.2716616505622
3894.2716616505622
4879.271661650562
4546.271661650562
1604.2716616505622
38.27166165056232
1226.2716616505622
2108.2716616505622
3168.2716616505622
3549.2716616505622
1311.2716616505622
-1294.7283383494378
-2485.7283383494378
-3292.7283383494378
-3685.7283383494378
-3140.7283383494378
-1511.7283383494378
831.2716616505624
1457.2716616505622
-801.7283383494376
-3319.7283383494378
-3304.7283383494378
-2266.7283383494378
-551.7283383494376
2038.2716616505622
3184.2716616505622
3703.2716616505622
4131.271661650562
4709.271661650562
4747.271661650562
2481.2716616505622
-217.72833834943768
-1873.7283383494378
-2252.7283383494378
-1636.7283383494378
-1132.7283383494378
-1047.7283383494378
-400.72833834943765
1040.2716616505622
1260.2716616505622
-433.72833834943765
-2004.7283383494378
-1667.7283383494378
-1103.7283383494378
-1318.7283383494378
86.27166165056232
1029.2716616505622
-963.7283383494376
-1870.7283383494378
-518.7283383494376
700.2716616505624
1055.2716616505622
-268.72833834943765
-2307.7283383494378
-3075.7283383494378
-2685.7283383494378
-1067.7283383494378
1805.2716616505622
3101.2716616505622
1389.2716616505622
-628.7283383494376
-317.72833834943765
1971.2716616505622
3156.2716616505622
2643.2716616505622
2458.2716616505622
2909.2716616505622
2943.2716616505622
804.2716616505624
-2109.7283383494378
-3220.7283383494378
-3585.7283383494378
-3910.7283383494378
-3766.7283383494378
-2451.7283383494378
-293.72833834943765
361.27166165056235
-1.7283383494376778
727.2716616505624
1291.2716616505622
654.2716616505624
507.27166165056235
1267.2716616505622
1792.2716616505622
2023.2716616505622
2598.2716616505622
2535.2716616505622
656.2716616505624
-1482.7283383494378
-1943.7283383494378
-1638.7283383494378
-1698.7283383494378
-1193.7283383494378
-301.72833834943765
527.2716616505624
1197.2716616505622
1373.2716616505622
1570.2716616505622
1315.2716616505622
587.2716616505624
-226.72833834943768
-1391.7283383494378
-1729.7283383494378
-873.7283383494376
-179.72833834943768
-7.728338349437678
-175.72833834943768
-376.72833834943765
193.27166165056232
894.2716616505624
532.2716616505624
-146.72833834943768
51.27166165056232
510.27166165056235
350.27166165056235
640.2716616505624
1645.2716616505622
1481.2716616505622
-1.7283383494376778
-1041.7283383494378
-1373.7283383494378
-1435.7283383494378
-1024.7283383494378
-743.7283383494376
-770.7283383494376
-120.72833834943768
1200.2716616505622
2248.2716616505622
2408.2716616505622
1708.2716616505622
714.2716616505624
-294.72833834943765
-1462.7283383494378
-1967.7283383494378
-1225.7283383494378
-796.7283383494376
-1382.7283383494378
-1779.7283383494378
-1503.7283383494378
-773.7283383494376
181.27166165056232
1263.2716616505622
2159.2716616505622
2005.2716616505622
642.2716616505624
-646.7283383494376
-817.7283383494376
-320.72833834943765
154.27166165056232
403.27166165056235
565.2716616505624
880.2716616505624
994.2716616505624
601.2716616505624
196.27166165056232
159.27166165056232
134.27166165056232
-152.72833834943768
-523.7283383494376
-723.7283383494376
-682.7283383494376
-820.7283383494376
-1013.7283383494376
-823.7283383494376
-366.72833834943765
466.27166165056235
1307.2716616505622
1524.2716616505622
994.2716616505624
13.271661650562322
-735.7283383494376
-1035.7283383494378
-989.7283383494376
-410.72833834943765
579.2716616505624
1130.2716616505622
1036.2716616505622
889.2716616505624
879.2716616505624
914.2716616505624
653.2716616505624
187.27166165056232
-150.72833834943768
-295.72833834943765
-32.72833834943768
46.27166165056232
-443.72833834943765
-859.7283383494376
-885.7283383494376
-694.7283383494376
-806.7283383494376
-1103.7283383494378
-1006.7283383494376
-538.7283383494376
50.27166165056232
453.27166165056235
631.2716616505624
687.2716616505624
728.2716616505624
870.2716616505624
835.2716616505624
583.2716616505624
303.27166165056235
44.27166165056232
-42.72833834943768
-27.728338349437678
-173.72833834943768
-613.7283383494376
-1064.7283383494378
-1051.7283383494378
-667.7283383494376
-269.72833834943765
-28.728338349437678
141.27166165056232
536.2716616505624
930.2716616505624
1015.2716616505624
967.2716616505624
797.2716616505624
406.27166165056235
-63.72833834943768
-315.72833834943765
-394.72833834943765
-521.7283383494376
-567.7283383494376
-440.72833834943765
-157.72833834943768
283.27166165056235
652.2716616505624
725.2716616505624
603.2716616505624
354.27166165056235
82.27166165056232
-216.72833834943768
-657.7283383494376
-859.7283383494376
-743.7283383494376
-681.7283383494376
-670.7283383494376
-498.72833834943765
-121.72833834943768
345.27166165056235
802.2716616505624
1167.2716616505622
1308.2716616505622
1064.2716616505622
579.2716616505624
269.27166165056235
111.27166165056232
-129.72833834943768
-307.72833834943765
-307.72833834943765
-189.72833834943768
-46.72833834943768
-39.72833834943768
-277.72833834943765
-703.7283383494376
-920.7283383494376
-707.7283383494376
-364.72833834943765
-41.72833834943768
305.27166165056235
533.2716616505624
474.27166165056235
205.27166165056232
71.27166165056232
67.27166165056232
-173.72833834943768
-501.72833834943765
-531.7283383494376
-356.72833834943765
-262.72833834943765
-227.72833834943768
-69.72833834943768
190.27166165056232
568.2716616505624
900.2716616505624
862.2716616505624
566.2716616505624
197.27166165056232
-158.72833834943768
-372.72833834943765
-395.72833834943765
-232.72833834943768
30.271661650562322
336.27166165056235
590.2716616505624
657.2716616505624
538.2716616505624
213.27166165056232
-237.72833834943768
-642.7283383494376
-911.7283383494376
-836.7283383494376
-420.72833834943765
-5.728338349437678
253.27166165056232
403.27166165056235
370.27166165056235
133.27166165056232
5.271661650562322
48.27166165056232
78.27166165056232
97.27166165056232
64.27166165056232
-17.728338349437678
-161.72833834943768
-329.72833834943765
-336.72833834943765
-281.72833834943765
-371.72833834943765
-470.72833834943765
-309.72833834943765
11.271661650562322
192.27166165056232
311.27166165056235
578.2716616505624
794.2716616505624
648.2716616505624
417.27166165056235
456.27166165056235
478.27166165056235
274.27166165056235
119.27166165056232
68.27166165056232
-112.72833834943768
-366.72833834943765
-431.72833834943765
-306.72833834943765
-267.72833834943765
-336.72833834943765
-270.72833834943765
-145.72833834943768
-119.72833834943768
-111.72833834943768
-85.72833834943768
-190.72833834943768
-349.72833834943765
-278.72833834943765
-90.72833834943768
-9.728338349437678
14.271661650562322
189.27166165056232
405.27166165056235
242.27166165056232
-17.728338349437678
82.27166165056232
328.27166165056235
370.27166165056235
192.27166165056232
9.271661650562322
-177.72833834943768
-394.72833834943765
-555.7283383494376
-515.7283383494376
-201.72833834943768
106.27166165056232
235.27166165056232
262.27166165056235
298.27166165056235
339.27166165056235
282.27166165056235
233.27166165056232
272.27166165056235
284.27166165056235
148.27166165056232
-71.72833834943768
-185.72833834943768
-199.72833834943768
-198.72833834943768
-180.72833834943768
-84.72833834943768
76.27166165056232
206.27166165056232
277.27166165056235
278.27166165056235
241.27166165056232
214.27166165056232
111.27166165056232
-95.72833834943768
-223.72833834943768
-144.72833834943768
39.27166165056232
74.27166165056232
-87.72833834943768
-246.72833834943768
-337.72833834943765
-452.72833834943765
-498.72833834943765
-332.72833834943765
-103.72833834943768
-22.728338349437678
22.271661650562322
212.27166165056232
350.27166165056235
286.27166165056235
217.27166165056232
250.27166165056232
241.27166165056232
193.27166165056232
282.27166165056235
407.27166165056235
362.27166165056235
203.27166165056232
87.27166165056232
-49.72833834943768
-237.72833834943768
-271.72833834943765
-149.72833834943768
-80.72833834943768
-66.72833834943768
-0.7283383494376778
42.27166165056232
-26.728338349437678
-103.72833834943768
-23.728338349437678
126.27166165056232
118.27166165056232
27.271661650562322
40.27166165056232
19.271661650562322
-91.72833834943768
-55.72833834943768
90.27166165056232
88.27166165056232
-92.72833834943768
-227.72833834943768
-209.72833834943768
-176.72833834943768
-156.72833834943768
-124.72833834943768
-112.72833834943768
-146.72833834943768
-192.72833834943768
-176.72833834943768
-104.72833834943768
-29.728338349437678
11.271661650562322
79.27166165056232
203.27166165056232
317.27166165056235
425.27166165056235
441.27166165056235
334.27166165056235
202.27166165056232
63.27166165056232
-36.72833834943768
-83.72833834943768
-84.72833834943768
-76.72833834943768
-108.72833834943768
-160.72833834943768
-208.72833834943768
-169.72833834943768
-67.72833834943768
71.27166165056232
232.27166165056232
308.27166165056235
286.27166165056235
80.27166165056232
-275.72833834943765
-509.72833834943765
-498.72833834943765
-382.72833834943765
-338.72833834943765
-297.72833834943765
-109.72833834943768
125.27166165056232
212.27166165056232
250.27166165056232
348.27166165056235
332.27166165056235
200.27166165056232
183.27166165056232
279.27166165056235
269.27166165056235
88.27166165056232
-124.72833834943768
-283.72833834943765
-404.72833834943765
-436.72833834943765
-291.72833834943765
-100.72833834943768
42.27166165056232
200.27166165056232
238.27166165056232
68.27166165056232
-132.72833834943768
-173.72833834943768
-78.72833834943768
17.271661650562322
97.27166165056232
184.27166165056232
191.27166165056232
8.271661650562322
-203.72833834943768
-250.72833834943768
-274.72833834943765
-358.72833834943765
-365.72833834943765
-238.72833834943768
-73.72833834943768
49.27166165056232
108.27166165056232
76.27166165056232
-8.728338349437678
-60.72833834943768
-26.728338349437678
103.27166165056232
276.27166165056235
405.27166165056235
391.27166165056235
247.27166165056232
83.27166165056232
-75.72833834943768
-196.72833834943768
-234.72833834943768
-186.72833834943768
-124.72833834943768
-158.72833834943768
-211.72833834943768
-174.72833834943768
-110.72833834943768
-87.72833834943768
-36.72833834943768
67.27166165056232
93.27166165056232
73.27166165056232
85.27166165056232
42.27166165056232
-80.72833834943768
-189.72833834943768
-189.72833834943768
-107.72833834943768
13.271661650562322
173.27166165056232
346.27166165056235
421.27166165056235
289.27166165056235
79.27166165056232
-97.72833834943768
-262.72833834943765
-285.72833834943765
-118.72833834943768
19.271661650562322
-24.728338349437678
-109.72833834943768
-107.72833834943768
-110.72833834943768
-153.72833834943768
-114.72833834943768
55.27166165056232
122.27166165056232
52.27166165056232
73.27166165056232
110.27166165056232
40.27166165056232
-32.72833834943768
-13.728338349437678
40.27166165056232
51.27166165056232
51.27166165056232
81.27166165056232
119.27166165056232
103.27166165056232
4.271661650562322
-134.72833834943768
-225.72833834943768
-168.72833834943768
-5.728338349437678
128.27166165056232
195.27166165056232
199.27166165056232
173.27166165056232
140.27166165056232
69.27166165056232
41.27166165056232
71.27166165056232
-7.728338349437678
-175.72833834943768
-280.72833834943765
-328.72833834943765
-370.72833834943765
-392.72833834943765
-352.72833834943765
-213.72833834943768
-20.728338349437678
118.27166165056232
218.27166165056232
336.27166165056235
430.27166165056235
434.27166165056235
315.27166165056235
148.27166165056232
37.27166165056232
-63.72833834943768
-150.72833834943768
-136.72833834943768
-68.72833834943768
-116.72833834943768
-271.72833834943765
-322.72833834943765
-249.72833834943768
-184.72833834943768
-144.72833834943768
-99.72833834943768
-76.72833834943768
-63.72833834943768
40.27166165056232
204.27166165056232
285.27166165056235
306.27166165056235
324.27166165056235
303.27166165056235
199.27166165056232
69.27166165056232
36.27166165056232
10.271661650562322
-112.72833834943768
-196.72833834943768
-133.72833834943768
-75.72833834943768
-114.72833834943768
-81.72833834943768
49.27166165056232
89.27166165056232
36.27166165056232
76.27166165056232
208.27166165056232
237.27166165056232
164.27166165056232
165.27166165056232
177.27166165056232
54.27166165056232
-79.72833834943768
-108.72833834943768
-116.72833834943768
-176.72833834943768
-201.72833834943768
-207.72833834943768
-284.72833834943765
-350.72833834943765
-289.72833834943765
-91.72833834943768
89.27166165056232
145.27166165056232
128.27166165056232
60.27166165056232
-34.72833834943768
-77.72833834943768
-32.72833834943768
13.271661650562322
0.27166165056232217
16.271661650562322
83.27166165056232
99.27166165056232
38.27166165056232
-53.72833834943768
-140.72833834943768
-209.72833834943768
-230.72833834943768
-163.72833834943768
-23.728338349437678
93.27166165056232
99.27166165056232
61.27166165056232
47.27166165056232
8.271661650562322
-91.72833834943768
-141.72833834943768
-57.72833834943768
67.27166165056232
107.27166165056232
20.271661650562322
-88.72833834943768
-160.72833834943768
-259.72833834943765
-314.72833834943765
-230.72833834943768
-147.72833834943768
-170.72833834943768
-188.72833834943768
-134.72833834943768
-49.72833834943768
11.271661650562322
56.27166165056232
129.27166165056232
191.27166165056232
234.27166165056232
299.27166165056235
278.27166165056235
83.27166165056232
-113.72833834943768
-211.72833834943768
-315.72833834943765
-396.72833834943765
-307.72833834943765
-101.72833834943768
12.271661650562322
-33.72833834943768
-76.72833834943768
-62.72833834943768
-133.72833834943768
-216.72833834943768
-126.72833834943768
44.27166165056232
99.27166165056232
51.27166165056232
31.271661650562322
32.27166165056232
-26.728338349437678
-85.72833834943768
-43.72833834943768
16.271661650562322
41.27166165056232
82.27166165056232
96.27166165056232
56.27166165056232
5.271661650562322
-54.72833834943768
-146.72833834943768
-216.72833834943768
-185.72833834943768
-81.72833834943768
-15.728338349437678
-51.72833834943768
-121.72833834943768
-169.72833834943768
-248.72833834943768
-291.72833834943765
-204.72833834943768
-65.72833834943768
37.27166165056232
66.27166165056232
40.27166165056232
3.271661650562322
-32.72833834943768
-50.72833834943768
-9.728338349437678
67.27166165056232
108.27166165056232
97.27166165056232
51.27166165056232
-5.728338349437678
-63.72833834943768
-143.72833834943768
-224.72833834943768
-243.72833834943768
-186.72833834943768
-103.72833834943768
-27.728338349437678
43.27166165056232
87.27166165056232
38.27166165056232
-58.72833834943768
-73.72833834943768
-34.72833834943768
3.271661650562322
73.27166165056232
144.27166165056232
143.27166165056232
77.27166165056232
50.27166165056232
69.27166165056232
68.27166165056232
73.27166165056232
94.27166165056232
78.27166165056232
-11.728338349437678
-116.72833834943768
-167.72833834943768
-210.72833834943768
-246.72833834943768
-211.72833834943768
-136.72833834943768
-106.72833834943768
-86.72833834943768
13.271661650562322
122.27166165056232
134.27166165056232
93.27166165056232
92.27166165056232
126.27166165056232
130.27166165056232
149.27166165056232
229.27166165056232
215.27166165056232
62.27166165056232
-62.72833834943768
-92.72833834943768
-118.72833834943768
-150.72833834943768
-149.72833834943768
-153.72833834943768
-156.72833834943768
-140.72833834943768
-101.72833834943768
-69.72833834943768
-46.72833834943768
0.27166165056232217
30.271661650562322
32.27166165056232
39.27166165056232
64.27166165056232
84.27166165056232
86.27166165056232
108.27166165056232
144.27166165056232
146.27166165056232
75.27166165056232
6.271661650562322
-6.728338349437678
-11.728338349437678
-20.728338349437678
-49.72833834943768
-86.72833834943768
-83.72833834943768
-50.72833834943768
-23.728338349437678
-30.728338349437678
-71.72833834943768
-133.72833834943768
-181.72833834943768
-189.72833834943768
-129.72833834943768
-33.72833834943768
-25.728338349437678
-87.72833834943768
-93.72833834943768
-36.72833834943768
-12.728338349437678
-10.728338349437678
48.27166165056232
92.27166165056232
39.27166165056232
-36.72833834943768
-52.72833834943768
-63.72833834943768
-101.72833834943768
-68.72833834943768
9.271661650562322
43.27166165056232
44.27166165056232
47.27166165056232
25.271661650562322
-55.72833834943768
-111.72833834943768
-85.72833834943768
-55.72833834943768
-45.72833834943768
24.271661650562322
144.27166165056232
178.27166165056232
123.27166165056232
59.27166165056232
-11.728338349437678
-93.72833834943768
-136.72833834943768
-66.72833834943768
36.27166165056232
35.27166165056232
-44.72833834943768
-117.72833834943768
-170.72833834943768
-221.72833834943768
-215.72833834943768
-143.72833834943768
-88.72833834943768
-65.72833834943768
-43.72833834943768
4.271661650562322
31.271661650562322
8.271661650562322
-7.728338349437678
0.27166165056232217
35.27166165056232
75.27166165056232
101.27166165056232
96.27166165056232
47.27166165056232
-17.728338349437678
-93.72833834943768
-131.72833834943768
-104.72833834943768
-56.72833834943768
-14.728338349437678
21.271661650562322
43.27166165056232
-13.728338349437678
-137.72833834943768
-205.72833834943768
-182.72833834943768
-100.72833834943768
10.271661650562322
97.27166165056232
91.27166165056232
27.271661650562322
-24.728338349437678
-71.72833834943768
-130.72833834943768
-168.72833834943768
-139.72833834943768
-71.72833834943768
-23.728338349437678
22.271661650562322
83.27166165056232
87.27166165056232
-8.728338349437678
-86.72833834943768
-39.72833834943768
27.271661650562322
30.271661650562322
59.27166165056232
136.27166165056232
130.27166165056232
18.271661650562322
-60.72833834943768
-49.72833834943768
-20.728338349437678
-9.728338349437678
27.271661650562322
34.27166165056232
-54.72833834943768
-137.72833834943768
-161.72833834943768
-182.72833834943768
-173.72833834943768
-87.72833834943768
1.2716616505623222
35.27166165056232
52.27166165056232
78.27166165056232
76.27166165056232
-7.728338349437678
-85.72833834943768
-58.72833834943768
2.271661650562322
26.271661650562322
57.27166165056232
129.27166165056232
139.27166165056232
40.27166165056232
-62.72833834943768
-93.72833834943768
-78.72833834943768
-54.72833834943768
5.271661650562322
74.27166165056232
96.27166165056232
72.27166165056232
23.271661650562322
-4.728338349437678
2.271661650562322
16.271661650562322
34.27166165056232
38.27166165056232
18.271661650562322
3.271661650562322
-5.728338349437678
-20.728338349437678
-27.728338349437678
-26.728338349437678
-30.728338349437678
-19.728338349437678
9.271661650562322
28.271661650562322
51.27166165056232
59.27166165056232
31.271661650562322
11.271661650562322
42.27166165056232
101.27166165056232
142.27166165056232
154.27166165056232
149.27166165056232
107.27166165056232
24.271661650562322
-35.72833834943768
-38.72833834943768
-23.728338349437678
-52.72833834943768
-80.72833834943768
-46.72833834943768
-43.72833834943768
-105.72833834943768
-132.72833834943768
-88.72833834943768
-56.72833834943768
-58.72833834943768
-18.728338349437678
44.27166165056232
62.27166165056232
68.27166165056232
144.27166165056232
219.27166165056232
186.27166165056232
117.27166165056232
95.27166165056232
81.27166165056232
43.27166165056232
27.271661650562322
23.271661650562322
-24.728338349437678
-74.72833834943768
-43.72833834943768
22.271661650562322
21.271661650562322
-5.728338349437678
-3.728338349437678
-1.7283383494376778
-9.728338349437678
17.271661650562322
92.27166165056232
134.27166165056232
103.27166165056232
78.27166165056232
89.27166165056232
63.27166165056232
-7.728338349437678
-30.728338349437678
7.271661650562322
23.271661650562322
3.271661650562322
-6.728338349437678
-14.728338349437678
-27.728338349437678
-36.72833834943768
-23.728338349437678
12.271661650562322
13.271661650562322
-8.728338349437678
-19.728338349437678
-21.728338349437678
-7.728338349437678
14.271661650562322
12.271661650562322
-3.728338349437678
23.271661650562322
77.27166165056232
106.27166165056232
109.27166165056232
74.27166165056232
-3.728338349437678
-76.72833834943768
-98.72833834943768
-58.72833834943768
12.271661650562322
83.27166165056232
108.27166165056232
67.27166165056232
12.271661650562322
-28.728338349437678
-55.72833834943768
-80.72833834943768
-76.72833834943768
-13.728338349437678
47.27166165056232
49.27166165056232
24.271661650562322
23.271661650562322
-10.728338349437678
-90.72833834943768
-111.72833834943768
-63.72833834943768
-25.728338349437678
-18.728338349437678
3.271661650562322
36.27166165056232
24.271661650562322
-25.728338349437678
-51.72833834943768
-37.72833834943768
-26.728338349437678
8.271661650562322
65.27166165056232
47.27166165056232
-45.72833834943768
-116.72833834943768
-136.72833834943768
-132.72833834943768
-93.72833834943768
-17.728338349437678
23.271661650562322
-4.728338349437678
-33.72833834943768
-46.72833834943768
-73.72833834943768
-111.72833834943768
-115.72833834943768
-55.72833834943768
9.271661650562322
50.27166165056232
81.27166165056232
75.27166165056232
25.271661650562322
-49.72833834943768
-104.72833834943768
-118.72833834943768
-109.72833834943768
-64.72833834943768
-4.728338349437678
33.27166165056232
18.271661650562322
-41.72833834943768
-89.72833834943768
-107.72833834943768
-88.72833834943768
-31.728338349437678
31.271661650562322
57.27166165056232
52.27166165056232
29.271661650562322
-7.728338349437678
-18.728338349437678
-3.728338349437678
7.271661650562322
1.2716616505623222
3.271661650562322
7.271661650562322
-39.72833834943768
-98.72833834943768
-117.72833834943768
-126.72833834943768
-143.72833834943768
-129.72833834943768
-76.72833834943768
-33.72833834943768
-32.72833834943768
-46.72833834943768
-69.72833834943768
-118.72833834943768
-149.72833834943768
-120.72833834943768
-54.72833834943768
-1.7283383494376778
45.27166165056232
68.27166165056232
13.271661650562322
-68.72833834943768
-98.72833834943768
-66.72833834943768
-43.72833834943768
-49.72833834943768
-16.728338349437678
34.27166165056232
24.271661650562322
-9.728338349437678
-9.728338349437678
-14.728338349437678
-54.72833834943768
-82.72833834943768
-53.72833834943768
-8.728338349437678
1.2716616505623222
1.2716616505623222
1.2716616505623222
-23.728338349437678
-53.72833834943768
-58.72833834943768
-58.72833834943768
-66.72833834943768
-53.72833834943768
-41.72833834943768
-55.72833834943768
-83.72833834943768
-91.72833834943768
-60.72833834943768
-35.72833834943768
-14.728338349437678
10.271661650562322
9.271661650562322
-35.72833834943768
-93.72833834943768
-109.72833834943768
-90.72833834943768
-69.72833834943768
-63.72833834943768
-64.72833834943768
-40.72833834943768
-10.728338349437678
1.2716616505623222
0.27166165056232217
-11.728338349437678
-34.72833834943768
-58.72833834943768
-70.72833834943768
-48.72833834943768
-12.728338349437678
-12.728338349437678
-42.72833834943768
-57.72833834943768
-46.72833834943768
-46.72833834943768
-58.72833834943768
-50.72833834943768
-38.72833834943768
-50.72833834943768
-54.72833834943768
-18.728338349437678
8.271661650562322
4.271661650562322
20.271661650562322
47.27166165056232
27.271661650562322
-25.728338349437678
-55.72833834943768
-69.72833834943768
-93.72833834943768
-86.72833834943768
-26.728338349437678
-0.7283383494376778
-42.72833834943768
-67.72833834943768
-44.72833834943768
-37.72833834943768
-58.72833834943768
-47.72833834943768
-28.728338349437678
-51.72833834943768
-64.72833834943768
-24.728338349437678
8.271661650562322
-20.728338349437678
-69.72833834943768
-66.72833834943768
-33.72833834943768
-36.72833834943768
-28.728338349437678
4.271661650562322
-3.728338349437678
-44.72833834943768
-68.72833834943768
-49.72833834943768
-25.728338349437678
-20.728338349437678
-0.7283383494376778
23.271661650562322
14.271661650562322
-24.728338349437678
-60.72833834943768
-82.72833834943768
-86.72833834943768
-44.72833834943768
12.271661650562322
37.27166165056232
25.271661650562322
4.271661650562322
-14.728338349437678
-50.72833834943768
-79.72833834943768
-78.72833834943768
-64.72833834943768
-41.72833834943768
-7.728338349437678
29.271661650562322
50.27166165056232
26.271661650562322
-39.72833834943768
-94.72833834943768
-89.72833834943768
-54.72833834943768
-31.728338349437678
-13.728338349437678
-0.7283383494376778
-15.728338349437678
-51.72833834943768
-89.72833834943768
-83.72833834943768
-40.72833834943768
-27.728338349437678
-21.728338349437678
5.271661650562322
11.271661650562322
-14.728338349437678
-35.72833834943768
-22.728338349437678
-3.728338349437678
9.271661650562322
42.27166165056232
73.27166165056232
60.27166165056232
23.271661650562322
-6.728338349437678
-52.72833834943768
-106.72833834943768
-106.72833834943768
-53.72833834943768
-6.728338349437678
20.271661650562322
49.27166165056232
57.27166165056232
-13.728338349437678
-109.72833834943768
-121.72833834943768
-74.72833834943768
-36.72833834943768
-2.728338349437678
47.27166165056232
73.27166165056232
43.27166165056232
1.2716616505623222
-13.728338349437678
-14.728338349437678
-27.728338349437678
-12.728338349437678
46.27166165056232
68.27166165056232
48.27166165056232
39.27166165056232
26.271661650562322
-7.728338349437678
-21.728338349437678
-1.7283383494376778
16.271661650562322
29.271661650562322
47.27166165056232
52.27166165056232
23.271661650562322
-24.728338349437678
-49.72833834943768
-29.728338349437678
4.271661650562322
29.271661650562322
42.27166165056232
18.271661650562322
-32.72833834943768
-78.72833834943768
-89.72833834943768
-72.72833834943768
-49.72833834943768
-19.728338349437678
18.271661650562322
45.27166165056232
50.27166165056232
41.27166165056232
15.271661650562322
-9.728338349437678
-8.728338349437678
4.271661650562322
28.271661650562322
62.27166165056232
81.27166165056232
82.27166165056232
65.27166165056232
43.27166165056232
16.271661650562322
-22.728338349437678
-31.728338349437678
3.271661650562322
44.27166165056232
51.27166165056232
40.27166165056232
36.27166165056232
18.271661650562322
7.271661650562322
29.271661650562322
55.27166165056232
48.27166165056232
21.271661650562322
14.271661650562322
16.271661650562322
5.271661650562322
3.271661650562322
27.271661650562322
34.27166165056232
24.271661650562322
51.27166165056232
82.27166165056232
73.27166165056232
55.27166165056232
57.27166165056232
61.27166165056232
48.27166165056232
54.27166165056232
91.27166165056232
107.27166165056232
83.27166165056232
58.27166165056232
57.27166165056232
42.27166165056232
4.271661650562322
-0.7283383494376778
22.271661650562322
43.27166165056232
48.27166165056232
50.27166165056232
55.27166165056232
45.27166165056232
44.27166165056232
58.27166165056232
60.27166165056232
46.27166165056232
25.271661650562322
11.271661650562322
17.271661650562322
35.27166165056232
68.27166165056232
86.27166165056232
68.27166165056232
40.27166165056232
36.27166165056232
43.27166165056232
31.271661650562322
32.27166165056232
43.27166165056232
49.27166165056232
80.27166165056232
111.27166165056232
115.27166165056232
105.27166165056232
87.27166165056232
66.27166165056232
45.27166165056232
43.27166165056232
57.27166165056232
50.27166165056232
35.27166165056232
38.27166165056232
37.27166165056232
12.271661650562322
-16.728338349437678
-13.728338349437678
10.271661650562322
34.27166165056232
63.27166165056232
81.27166165056232
72.27166165056232
47.27166165056232
47.27166165056232
86.27166165056232
104.27166165056232
92.27166165056232
92.27166165056232
89.27166165056232
64.27166165056232
43.27166165056232
33.27166165056232
24.271661650562322
10.271661650562322
9.271661650562322
48.27166165056232
88.27166165056232
93.27166165056232
82.27166165056232
68.27166165056232
29.271661650562322
-3.728338349437678
19.271661650562322
63.27166165056232
108.27166165056232
148.27166165056232
165.27166165056232
155.27166165056232
107.27166165056232
61.27166165056232
43.27166165056232
40.27166165056232
44.27166165056232
64.27166165056232
90.27166165056232
84.27166165056232
57.27166165056232
38.27166165056232
34.27166165056232
34.27166165056232
35.27166165056232
48.27166165056232
66.27166165056232
75.27166165056232
71.27166165056232
58.27166165056232
36.27166165056232
6.271661650562322
-4.728338349437678
11.271661650562322
37.27166165056232
64.27166165056232
72.27166165056232
40.27166165056232
-4.728338349437678
-23.728338349437678
-26.728338349437678
-11.728338349437678
21.271661650562322
60.27166165056232
82.27166165056232
74.27166165056232
47.27166165056232
-0.7283383494376778
-38.72833834943768
-41.72833834943768
-26.728338349437678
-12.728338349437678
2.271661650562322
27.271661650562322
29.271661650562322
-3.728338349437678
-38.72833834943768
-47.72833834943768
-58.72833834943768
-78.72833834943768
-52.72833834943768
4.271661650562322
29.271661650562322
13.271661650562322
-4.728338349437678
-18.728338349437678
-43.72833834943768
-56.72833834943768
-35.72833834943768
-0.7283383494376778
6.271661650562322
-10.728338349437678
-23.728338349437678
-39.72833834943768
-54.72833834943768
-48.72833834943768
-19.728338349437678
0.27166165056232217
12.271661650562322
29.271661650562322
34.27166165056232
17.271661650562322
-2.728338349437678
2.271661650562322
19.271661650562322
12.271661650562322
7.271661650562322
26.271661650562322
30.271661650562322
-3.728338349437678
-42.72833834943768
-75.72833834943768
-112.72833834943768
-140.72833834943768
-130.72833834943768
-82.72833834943768
-47.72833834943768
-38.72833834943768
-42.72833834943768
-56.72833834943768
-71.72833834943768
-80.72833834943768
-72.72833834943768
-57.72833834943768
-43.72833834943768
-31.728338349437678
-18.728338349437678
-11.728338349437678
-16.728338349437678
-22.728338349437678
-28.728338349437678
-38.72833834943768
-43.72833834943768
-43.72833834943768
-50.72833834943768
-59.72833834943768
-69.72833834943768
-73.72833834943768
-69.72833834943768
-68.72833834943768
-70.72833834943768
-77.72833834943768
-76.72833834943768
-71.72833834943768
-85.72833834943768
-108.72833834943768
-122.72833834943768
-123.72833834943768
-111.72833834943768
-83.72833834943768
-47.72833834943768
-41.72833834943768
-69.72833834943768
-84.72833834943768
-77.72833834943768
-74.72833834943768
-76.72833834943768
-61.72833834943768
-43.72833834943768
-50.72833834943768
-58.72833834943768
-42.72833834943768
-25.728338349437678
-44.72833834943768
-72.72833834943768
-71.72833834943768
-72.72833834943768
-88.72833834943768
-95.72833834943768
-83.72833834943768
-71.72833834943768
-75.72833834943768
-68.72833834943768
-51.72833834943768
-55.72833834943768
-69.72833834943768
-72.72833834943768
-73.72833834943768
-88.72833834943768
-92.72833834943768
-73.72833834943768
-58.72833834943768
-55.72833834943768
-48.72833834943768
-38.72833834943768
-53.72833834943768
-96.72833834943768
-119.72833834943768
-108.72833834943768
-93.72833834943768
-81.72833834943768
-61.72833834943768
-53.72833834943768
-65.72833834943768
-77.72833834943768
-78.72833834943768
-65.72833834943768
-66.72833834943768
-75.72833834943768
-75.72833834943768
-70.72833834943768
-66.72833834943768
-71.72833834943768
-81.72833834943768
-95.72833834943768
-103.72833834943768
-99.72833834943768
-93.72833834943768
-85.72833834943768
-84.72833834943768
-93.72833834943768
-107.72833834943768
-115.72833834943768
-110.72833834943768
-101.72833834943768
-82.72833834943768
-50.72833834943768
-27.728338349437678
-25.728338349437678
-40.72833834943768
-73.72833834943768
-107.72833834943768
-117.72833834943768
-100.72833834943768
-65.72833834943768
-42.72833834943768
-39.72833834943768
-42.72833834943768
-51.72833834943768
-75.72833834943768
-90.72833834943768
-88.72833834943768
-95.72833834943768
-98.72833834943768
-67.72833834943768
-33.72833834943768
-33.72833834943768
-48.72833834943768
-61.72833834943768
-87.72833834943768
-109.72833834943768
-100.72833834943768
-67.72833834943768
-42.72833834943768
-38.72833834943768
-39.72833834943768
-40.72833834943768
-56.72833834943768
-72.72833834943768
-58.72833834943768
-24.728338349437678
-4.728338349437678
-1.7283383494376778
-5.728338349437678
-24.728338349437678
-54.72833834943768
-71.72833834943768
-60.72833834943768
-40.72833834943768
-29.728338349437678
-13.728338349437678
-0.7283383494376778
-16.728338349437678
-47.72833834943768
-71.72833834943768
-89.72833834943768
-102.72833834943768
-95.72833834943768
-61.72833834943768
-22.728338349437678
-10.728338349437678
-15.728338349437678
-35.72833834943768
-68.72833834943768
-89.72833834943768
-97.72833834943768
-78.72833834943768
-45.72833834943768
-22.728338349437678
-7.728338349437678
-8.728338349437678
-21.728338349437678
-35.72833834943768
-50.72833834943768
-49.72833834943768
-25.728338349437678
-7.728338349437678
-7.728338349437678
-12.728338349437678
-12.728338349437678
-14.728338349437678
-21.728338349437678
-24.728338349437678
-10.728338349437678
1.2716616505623222
7.271661650562322
16.271661650562322
13.271661650562322
-9.728338349437678
-42.72833834943768
-58.72833834943768
-57.72833834943768
-48.72833834943768
-26.728338349437678
-11.728338349437678
-7.728338349437678
-22.728338349437678
-41.72833834943768
-39.72833834943768
-42.72833834943768
-42.72833834943768
-14.728338349437678
22.271661650562322
37.27166165056232
38.27166165056232
50.27166165056232
48.27166165056232
25.271661650562322
16.271661650562322
29.271661650562322
40.27166165056232
38.27166165056232
42.27166165056232
57.27166165056232
66.27166165056232
54.27166165056232
38.27166165056232
28.271661650562322
16.271661650562322
21.271661650562322
42.27166165056232
59.27166165056232
59.27166165056232
50.27166165056232
46.27166165056232
47.27166165056232
51.27166165056232
57.27166165056232
70.27166165056232
65.27166165056232
42.27166165056232
37.27166165056232
47.27166165056232
55.27166165056232
57.27166165056232
72.27166165056232
94.27166165056232
97.27166165056232
96.27166165056232
102.27166165056232
95.27166165056232
88.27166165056232
90.27166165056232
90.27166165056232
94.27166165056232
105.27166165056232
109.27166165056232
109.27166165056232
117.27166165056232
119.27166165056232
110.27166165056232
98.27166165056232
90.27166165056232
93.27166165056232
90.27166165056232
85.27166165056232
89.27166165056232
86.27166165056232
78.27166165056232
91.27166165056232
117.27166165056232
128.27166165056232
125.27166165056232
116.27166165056232
108.27166165056232
109.27166165056232
119.27166165056232
145.27166165056232
171.27166165056232
174.27166165056232
167.27166165056232
172.27166165056232
163.27166165056232
129.27166165056232
112.27166165056232
115.27166165056232
116.27166165056232
114.27166165056232
135.27166165056232
159.27166165056232
147.27166165056232
128.27166165056232
126.27166165056232
123.27166165056232
111.27166165056232
104.27166165056232
115.27166165056232
127.27166165056232
119.27166165056232
111.27166165056232
110.27166165056232
98.27166165056232
84.27166165056232
92.27166165056232
121.27166165056232
140.27166165056232
137.27166165056232
124.27166165056232
110.27166165056232
100.27166165056232
97.27166165056232
112.27166165056232
127.27166165056232
132.27166165056232
135.27166165056232
133.27166165056232
119.27166165056232
98.27166165056232
87.27166165056232
90.27166165056232
96.27166165056232
107.27166165056232
139.27166165056232
159.27166165056232
152.27166165056232
135.27166165056232
113.27166165056232
97.27166165056232
86.27166165056232
82.27166165056232
96.27166165056232
119.27166165056232
133.27166165056232
126.27166165056232
107.27166165056232
96.27166165056232
85.27166165056232
76.27166165056232
84.27166165056232
100.27166165056232
116.27166165056232
109.27166165056232
91.27166165056232
88.27166165056232
85.27166165056232
79.27166165056232
82.27166165056232
93.27166165056232
94.27166165056232
90.27166165056232
88.27166165056232
74.27166165056232
54.27166165056232
43.27166165056232
47.27166165056232
59.27166165056232
67.27166165056232
84.27166165056232
100.27166165056232
86.27166165056232
52.27166165056232
26.271661650562322
23.271661650562322
17.271661650562322
18.271661650562322
59.27166165056232
86.27166165056232
80.27166165056232
61.27166165056232
44.27166165056232
30.271661650562322
14.271661650562322
19.271661650562322
40.27166165056232
60.27166165056232
75.27166165056232
85.27166165056232
83.27166165056232
61.27166165056232
31.271661650562322
18.271661650562322
19.271661650562322
10.271661650562322
12.271661650562322
26.271661650562322
23.271661650562322
9.271661650562322
-2.728338349437678
-11.728338349437678
-10.728338349437678
-4.728338349437678
7.271661650562322
22.271661650562322
25.271661650562322
13.271661650562322
-0.7283383494376778
-4.728338349437678
-7.728338349437678
-4.728338349437678
13.271661650562322
24.271661650562322
22.271661650562322
10.271661650562322
-13.728338349437678
-33.72833834943768
-48.72833834943768
-57.72833834943768
-60.72833834943768
-53.72833834943768
-37.72833834943768
-23.728338349437678
-16.728338349437678
-19.728338349437678
-31.728338349437678
-56.72833834943768
-68.72833834943768
-56.72833834943768
-44.72833834943768
-36.72833834943768
-31.728338349437678
-26.728338349437678
-30.728338349437678
-42.72833834943768
-42.72833834943768
-42.72833834943768
-55.72833834943768
-54.72833834943768
-44.72833834943768
-34.72833834943768
-32.72833834943768
-36.72833834943768
-28.728338349437678
-21.728338349437678
-26.728338349437678
-31.728338349437678
-32.72833834943768
-46.72833834943768
-65.72833834943768
-64.72833834943768
-57.72833834943768
-59.72833834943768
-61.72833834943768
-58.72833834943768
-57.72833834943768
-61.72833834943768
-59.72833834943768
-53.72833834943768
-62.72833834943768
-84.72833834943768
-92.72833834943768
-82.72833834943768
-71.72833834943768
-69.72833834943768
-73.72833834943768
-73.72833834943768
-80.72833834943768
-84.72833834943768
-73.72833834943768
-68.72833834943768
-68.72833834943768
-65.72833834943768
-64.72833834943768
-61.72833834943768
-60.72833834943768
-56.72833834943768
-48.72833834943768
-49.72833834943768
-49.72833834943768
-48.72833834943768
-55.72833834943768
-64.72833834943768
-70.72833834943768
-64.72833834943768
-51.72833834943768
-39.72833834943768
-30.728338349437678
-28.728338349437678
-32.72833834943768
-46.72833834943768
-58.72833834943768
-63.72833834943768
-77.72833834943768
-88.72833834943768
-85.72833834943768
-74.72833834943768
-61.72833834943768
-52.72833834943768
-60.72833834943768
-81.72833834943768
-95.72833834943768
-93.72833834943768
-91.72833834943768
-81.72833834943768
-66.72833834943768
-63.72833834943768
-61.72833834943768
-58.72833834943768
-56.72833834943768
-62.72833834943768
-72.72833834943768
-67.72833834943768
-60.72833834943768
-63.72833834943768
-68.72833834943768
-69.72833834943768
-77.72833834943768
-91.72833834943768
-91.72833834943768
-75.72833834943768
-59.72833834943768
-54.72833834943768
-57.72833834943768
-55.72833834943768
-62.72833834943768
-84.72833834943768
-92.72833834943768
-96.72833834943768
-91.72833834943768
-70.72833834943768
-48.72833834943768
-33.72833834943768
-44.72833834943768
-68.72833834943768
-81.72833834943768
-93.72833834943768
-100.72833834943768
-84.72833834943768
-60.72833834943768
-53.72833834943768
-60.72833834943768
-56.72833834943768
-51.72833834943768
-68.72833834943768
-83.72833834943768
-86.72833834943768
-76.72833834943768
-60.72833834943768
-50.72833834943768
-42.72833834943768
-40.72833834943768
-49.72833834943768
-62.72833834943768
-68.72833834943768
-65.72833834943768
-58.72833834943768
-49.72833834943768
-46.72833834943768
-49.72833834943768
-54.72833834943768
-66.72833834943768
-77.72833834943768
-74.72833834943768
-53.72833834943768
-36.72833834943768
-25.728338349437678
-22.728338349437678
-33.72833834943768
-47.72833834943768
-56.72833834943768
-58.72833834943768
-51.72833834943768
-36.72833834943768
-21.728338349437678
-20.728338349437678
-25.728338349437678
-36.72833834943768
-50.72833834943768
-66.72833834943768
-85.72833834943768
-82.72833834943768
-64.72833834943768
-55.72833834943768
-48.72833834943768
-33.72833834943768
-32.72833834943768
-48.72833834943768
-62.72833834943768
-61.72833834943768
-50.72833834943768
-41.72833834943768
-28.728338349437678
-10.728338349437678
-7.728338349437678
-21.728338349437678
-33.72833834943768
-33.72833834943768
-25.728338349437678
-25.728338349437678
-30.728338349437678
-21.728338349437678
-24.728338349437678
-35.72833834943768
-37.72833834943768
-38.72833834943768
-46.72833834943768
-52.72833834943768
-37.72833834943768
-24.728338349437678
-21.728338349437678
-22.728338349437678
-27.728338349437678
-35.72833834943768
-48.72833834943768
-48.72833834943768
-34.72833834943768
-26.728338349437678
-24.728338349437678
-14.728338349437678
-9.728338349437678
-24.728338349437678
-38.72833834943768
-42.72833834943768
-44.72833834943768
-47.72833834943768
-31.728338349437678
-11.728338349437678
-4.728338349437678
3.271661650562322
-2.728338349437678
-4.728338349437678
-7.728338349437678
-12.728338349437678
-15.728338349437678
-20.728338349437678
-11.728338349437678
-6.728338349437678
-3.728338349437678
-2.728338349437678
-5.728338349437678
-1.7283383494376778
-1.7283383494376778
3.271661650562322
15.271661650562322
14.271661650562322
7.271661650562322
1.2716616505623222
-1.7283383494376778
1.2716616505623222
5.271661650562322
16.271661650562322
24.271661650562322
17.271661650562322
9.271661650562322
6.271661650562322
0.27166165056232217
-2.728338349437678
-0.7283383494376778
3.271661650562322
2.271661650562322
0.27166165056232217
4.271661650562322
1.2716616505623222
-6.728338349437678
-10.728338349437678
-3.728338349437678
3.271661650562322
-4.728338349437678
-12.728338349437678
-11.728338349437678
-9.728338349437678
-9.728338349437678
-8.728338349437678
-4.728338349437678
-4.728338349437678
-5.728338349437678
-1.7283383494376778
0.27166165056232217
-3.728338349437678
-0.7283383494376778
7.271661650562322
15.271661650562322
24.271661650562322
34.27166165056232
45.27166165056232
45.27166165056232
29.271661650562322
18.271661650562322
11.271661650562322
6.271661650562322
3.271661650562322
11.271661650562322
26.271661650562322
29.271661650562322
25.271661650562322
20.271661650562322
9.271661650562322
-7.728338349437678
-20.728338349437678
-17.728338349437678
-6.728338349437678
-2.728338349437678
-4.728338349437678
-3.728338349437678
-7.728338349437678
-10.728338349437678
-10.728338349437678
-10.728338349437678
-3.728338349437678
0.27166165056232217
2.271661650562322
11.271661650562322
13.271661650562322
5.271661650562322
0.27166165056232217
3.271661650562322
11.271661650562322
21.271661650562322
32.27166165056232
41.27166165056232
31.271661650562322
16.271661650562322
10.271661650562322
4.271661650562322
7.271661650562322
15.271661650562322
23.271661650562322
39.27166165056232
38.27166165056232
25.271661650562322
11.271661650562322
-8.728338349437678
-20.728338349437678
-19.728338349437678
-6.728338349437678
8.271661650562322
18.271661650562322
22.271661650562322
20.271661650562322
13.271661650562322
1.2716616505623222
-9.728338349437678
-10.728338349437678
-4.728338349437678
3.271661650562322
12.271661650562322
17.271661650562322
12.271661650562322
0.27166165056232217
-1.7283383494376778
1.2716616505623222
2.271661650562322
9.271661650562322
19.271661650562322
23.271661650562322
14.271661650562322
3.271661650562322
0.27166165056232217
-6.728338349437678
-11.728338349437678
-9.728338349437678
1.2716616505623222
8.271661650562322
1.2716616505623222
-3.728338349437678
-12.728338349437678
-27.728338349437678
-29.728338349437678
-22.728338349437678
-15.728338349437678
-9.728338349437678
-5.728338349437678
-2.728338349437678
-9.728338349437678
-26.728338349437678
-34.72833834943768
-38.72833834943768
-37.72833834943768
-23.728338349437678
-6.728338349437678
5.271661650562322
4.271661650562322
-1.7283383494376778
-9.728338349437678
-21.728338349437678
-26.728338349437678
-27.728338349437678
-25.728338349437678
-15.728338349437678
-9.728338349437678
-10.728338349437678
-17.728338349437678
-25.728338349437678
-32.72833834943768
-37.72833834943768
-36.72833834943768
-36.72833834943768
-31.728338349437678
-26.728338349437678
-32.72833834943768
-41.72833834943768
-44.72833834943768
-45.72833834943768
-49.72833834943768
-47.72833834943768
-43.72833834943768
-43.72833834943768
-47.72833834943768
-47.72833834943768
-49.72833834943768
-58.72833834943768
-51.72833834943768
-31.728338349437678
-15.728338349437678
-15.728338349437678
-15.728338349437678
-18.728338349437678
-32.72833834943768
-40.72833834943768
-39.72833834943768
-34.72833834943768
-38.72833834943768
-40.72833834943768
-30.728338349437678
-31.728338349437678
-38.72833834943768
-43.72833834943768
-51.72833834943768
-53.72833834943768
-55.72833834943768
-52.72833834943768
-47.72833834943768
-44.72833834943768
-36.72833834943768
-28.728338349437678
-24.728338349437678
-27.728338349437678
-34.72833834943768
-31.728338349437678
-35.72833834943768
-41.72833834943768
-39.72833834943768
-36.72833834943768
-40.72833834943768
-47.72833834943768
-39.72833834943768
-31.728338349437678
-27.728338349437678
-29.728338349437678
-35.72833834943768
-39.72833834943768
-44.72833834943768
-43.72833834943768
-34.72833834943768
-32.72833834943768
-37.72833834943768
-35.72833834943768
-27.728338349437678
-24.728338349437678
-25.728338349437678
-27.728338349437678
-34.72833834943768
-38.72833834943768
-37.72833834943768
-36.72833834943768
-37.72833834943768
-34.72833834943768
-30.728338349437678
-34.72833834943768
-34.72833834943768
-29.728338349437678
-29.728338349437678
-31.728338349437678
-30.728338349437678
-30.728338349437678
-33.72833834943768
-34.72833834943768
-31.728338349437678
-27.728338349437678
-23.728338349437678
-10.728338349437678
-2.728338349437678
-4.728338349437678
-5.728338349437678
-10.728338349437678
-9.728338349437678
-3.728338349437678
1.2716616505623222
8.271661650562322
15.271661650562322
12.271661650562322
-0.7283383494376778
-8.728338349437678
-12.728338349437678
-21.728338349437678
-27.728338349437678
-21.728338349437678
-12.728338349437678
-5.728338349437678
-1.7283383494376778
-1.7283383494376778
-3.728338349437678
-16.728338349437678
-22.728338349437678
-11.728338349437678
-7.728338349437678
-7.728338349437678
-5.728338349437678
2.271661650562322
1.2716616505623222
-7.728338349437678
-4.728338349437678
0.27166165056232217
7.271661650562322
19.271661650562322
26.271661650562322
31.271661650562322
25.271661650562322
8.271661650562322
3.271661650562322
5.271661650562322
2.271661650562322
2.271661650562322
8.271661650562322
11.271661650562322
8.271661650562322
6.271661650562322
0.27166165056232217
-9.728338349437678
-17.728338349437678
-14.728338349437678
0.27166165056232217
15.271661650562322
30.271661650562322
37.27166165056232
33.27166165056232
23.271661650562322
10.271661650562322
3.271661650562322
14.271661650562322
27.271661650562322
35.27166165056232
35.27166165056232
24.271661650562322
21.271661650562322
10.271661650562322
-4.728338349437678
-3.728338349437678
3.271661650562322
9.271661650562322
15.271661650562322
19.271661650562322
18.271661650562322
9.271661650562322
2.271661650562322
2.271661650562322
3.271661650562322
11.271661650562322
18.271661650562322
25.271661650562322
26.271661650562322
17.271661650562322
12.271661650562322
0.27166165056232217
-3.728338349437678
7.271661650562322
19.271661650562322
26.271661650562322
29.271661650562322
34.27166165056232
24.271661650562322
9.271661650562322
12.271661650562322
22.271661650562322
32.27166165056232
39.27166165056232
52.27166165056232
70.27166165056232
67.27166165056232
53.27166165056232
42.27166165056232
36.27166165056232
38.27166165056232
39.27166165056232
45.27166165056232
53.27166165056232
56.27166165056232
58.27166165056232
49.27166165056232
37.27166165056232
27.271661650562322
26.271661650562322
31.271661650562322
27.271661650562322
21.271661650562322
22.271661650562322
13.271661650562322
0.27166165056232217
-4.728338349437678
-4.728338349437678
-1.7283383494376778
5.271661650562322
10.271661650562322
13.271661650562322
10.271661650562322
4.271661650562322
4.271661650562322
9.271661650562322
13.271661650562322
14.271661650562322
20.271661650562322
32.27166165056232
43.27166165056232
41.27166165056232
35.27166165056232
33.27166165056232
26.271661650562322
26.271661650562322
27.271661650562322
19.271661650562322
26.271661650562322
30.271661650562322
27.271661650562322
26.271661650562322
22.271661650562322
22.271661650562322
27.271661650562322
36.27166165056232
42.27166165056232
45.27166165056232
45.27166165056232
50.27166165056232
52.27166165056232
48.27166165056232
50.27166165056232
51.27166165056232
41.27166165056232
29.271661650562322
25.271661650562322
28.271661650562322
30.271661650562322
30.271661650562322
37.27166165056232
38.27166165056232
29.271661650562322
24.271661650562322
23.271661650562322
19.271661650562322
8.271661650562322
2.271661650562322
12.271661650562322
18.271661650562322
20.271661650562322
27.271661650562322
32.27166165056232
30.271661650562322
23.271661650562322
23.271661650562322
25.271661650562322
21.271661650562322
29.271661650562322
38.27166165056232
39.27166165056232
40.27166165056232
38.27166165056232
41.27166165056232
42.27166165056232
39.27166165056232
43.27166165056232
43.27166165056232
35.27166165056232
24.271661650562322
19.271661650562322
21.271661650562322
24.271661650562322
31.271661650562322
36.27166165056232
33.27166165056232
25.271661650562322
22.271661650562322
27.271661650562322
27.271661650562322
25.271661650562322
26.271661650562322
23.271661650562322
26.271661650562322
40.27166165056232
48.27166165056232
47.27166165056232
42.27166165056232
35.27166165056232
35.27166165056232
35.27166165056232
37.27166165056232
37.27166165056232
38.27166165056232
44.27166165056232
37.27166165056232
25.271661650562322
16.271661650562322
17.271661650562322
20.271661650562322
15.271661650562322
11.271661650562322
7.271661650562322
9.271661650562322
7.271661650562322
5.271661650562322
4.271661650562322
-0.7283383494376778
-1.7283383494376778
-0.7283383494376778
5.271661650562322
10.271661650562322
10.271661650562322
9.271661650562322
3.271661650562322
-2.728338349437678
4.271661650562322
15.271661650562322
26.271661650562322
31.271661650562322
26.271661650562322
23.271661650562322
11.271661650562322
-2.728338349437678
-3.728338349437678
0.27166165056232217
9.271661650562322
18.271661650562322
21.271661650562322
18.271661650562322
9.271661650562322
-2.728338349437678
-7.728338349437678
-5.728338349437678
-4.728338349437678
-2.728338349437678
6.271661650562322
7.271661650562322
3.271661650562322
-0.7283383494376778
-4.728338349437678
-7.728338349437678
-10.728338349437678
-6.728338349437678
-2.728338349437678
3.271661650562322
13.271661650562322
16.271661650562322
5.271661650562322
-3.728338349437678
-2.728338349437678
-3.728338349437678
-3.728338349437678
0.27166165056232217
5.271661650562322
8.271661650562322
0.27166165056232217
-3.728338349437678
-6.728338349437678
-11.728338349437678
-2.728338349437678
6.271661650562322
9.271661650562322
5.271661650562322
-3.728338349437678
-13.728338349437678
-20.728338349437678
-19.728338349437678
-15.728338349437678
-10.728338349437678
-10.728338349437678
-4.728338349437678
5.271661650562322
-1.7283383494376778
-13.728338349437678
-21.728338349437678
-26.728338349437678
-29.728338349437678
-21.728338349437678
-7.728338349437678
2.271661650562322
8.271661650562322
8.271661650562322
12.271661650562322
14.271661650562322
12.271661650562322
16.271661650562322
21.271661650562322
19.271661650562322
11.271661650562322
11.271661650562322
5.271661650562322
-3.728338349437678
-7.728338349437678
-6.728338349437678
-10.728338349437678
-27.728338349437678
-28.728338349437678
-27.728338349437678
-36.72833834943768
-35.72833834943768
-38.72833834943768
-34.72833834943768
-23.728338349437678
-20.728338349437678
-7.728338349437678
1.2716616505623222
5.271661650562322
10.271661650562322
6.271661650562322
4.271661650562322
3.271661650562322
4.271661650562322
11.271661650562322
15.271661650562322
13.271661650562322
11.271661650562322
10.271661650562322
7.271661650562322
1.2716616505623222
0.27166165056232217
1.2716616505623222
5.271661650562322
8.271661650562322
13.271661650562322
16.271661650562322
15.271661650562322
15.271661650562322
10.271661650562322
3.271661650562322
-2.728338349437678
-4.728338349437678
-9.728338349437678
-15.728338349437678
-10.728338349437678
-10.728338349437678
-10.728338349437678
-5.728338349437678
-5.728338349437678
-2.728338349437678
4.271661650562322
6.271661650562322
6.271661650562322
6.271661650562322
7.271661650562322
10.271661650562322
15.271661650562322
24.271661650562322
27.271661650562322
19.271661650562322
12.271661650562322
10.271661650562322
8.271661650562322
9.271661650562322
11.271661650562322
13.271661650562322
19.271661650562322
25.271661650562322
26.271661650562322
32.27166165056232
32.27166165056232
28.271661650562322
27.271661650562322
26.271661650562322
27.271661650562322
15.271661650562322
0.27166165056232217
-6.728338349437678
-12.728338349437678
-16.728338349437678
-17.728338349437678
-17.728338349437678
-12.728338349437678
-14.728338349437678
-22.728338349437678
-21.728338349437678
-28.728338349437678
-32.72833834943768
-20.728338349437678
-11.728338349437678
-2.728338349437678
8.271661650562322
7.271661650562322
5.271661650562322
3.271661650562322
-2.728338349437678
-1.7283383494376778
6.271661650562322
5.271661650562322
4.271661650562322
12.271661650562322
11.271661650562322
4.271661650562322
4.271661650562322
6.271661650562322
9.271661650562322
13.271661650562322
18.271661650562322
23.271661650562322
19.271661650562322
14.271661650562322
9.271661650562322
0.27166165056232217
-0.7283383494376778
4.271661650562322
12.271661650562322
9.271661650562322
2.271661650562322
-0.7283383494376778
-7.728338349437678
-14.728338349437678
-20.728338349437678
-26.728338349437678
-28.728338349437678
-19.728338349437678
-10.728338349437678
-13.728338349437678
-10.728338349437678
-10.728338349437678
-17.728338349437678
-15.728338349437678
-14.728338349437678
-10.728338349437678
1.2716616505623222
8.271661650562322
10.271661650562322
8.271661650562322
3.271661650562322
-3.728338349437678
-10.728338349437678
-19.728338349437678
-23.728338349437678
-22.728338349437678
-20.728338349437678
-19.728338349437678
-26.728338349437678
-33.72833834943768
-39.72833834943768
-50.72833834943768
-54.72833834943768
-49.72833834943768
-39.72833834943768
-40.72833834943768
-52.72833834943768
-55.72833834943768
-55.72833834943768
-63.72833834943768
-63.72833834943768
-55.72833834943768
-57.72833834943768
-53.72833834943768
-50.72833834943768
-54.72833834943768
-57.72833834943768
-65.72833834943768
-65.72833834943768
-55.72833834943768
-48.72833834943768
-45.72833834943768
-43.72833834943768
-47.72833834943768
-55.72833834943768
-60.72833834943768
-64.72833834943768
-73.72833834943768
-74.72833834943768
-63.72833834943768
-54.72833834943768
-47.72833834943768
-48.72833834943768
-55.72833834943768
-62.72833834943768
-70.72833834943768
-76.72833834943768
-76.72833834943768
-75.72833834943768
-76.72833834943768
-74.72833834943768
-80.72833834943768
-86.72833834943768
-88.72833834943768
-92.72833834943768
-94.72833834943768
-95.72833834943768
-92.72833834943768
-85.72833834943768
-77.72833834943768
-64.72833834943768
-57.72833834943768
-53.72833834943768
-53.72833834943768
-52.72833834943768
-49.72833834943768
-47.72833834943768
-48.72833834943768
-55.72833834943768
-65.72833834943768
-75.72833834943768
-80.72833834943768
-82.72833834943768
-83.72833834943768
-85.72833834943768
-88.72833834943768
-93.72833834943768
-102.72833834943768
-112.72833834943768
-115.72833834943768
-117.72833834943768
-114.72833834943768
-102.72833834943768
-94.72833834943768
-88.72833834943768
-83.72833834943768
-78.72833834943768
-75.72833834943768
-80.72833834943768
-77.72833834943768
-76.72833834943768
-74.72833834943768
-74.72833834943768
-73.72833834943768
-68.72833834943768
-70.72833834943768
-72.72833834943768
-72.72833834943768
-73.72833834943768
-71.72833834943768
-61.72833834943768
-55.72833834943768
-55.72833834943768
-56.72833834943768
-60.72833834943768
-59.72833834943768
-65.72833834943768
-70.72833834943768
-68.72833834943768
-65.72833834943768
-59.72833834943768
-58.72833834943768
-54.72833834943768
-49.72833834943768
-47.72833834943768
-41.72833834943768
-40.72833834943768
-42.72833834943768
-45.72833834943768
-47.72833834943768
-47.72833834943768
-52.72833834943768
-56.72833834943768
-55.72833834943768
-58.72833834943768
-57.72833834943768
-54.72833834943768
-55.72833834943768
-51.72833834943768
-52.72833834943768
-53.72833834943768
-50.72833834943768
-45.72833834943768
-44.72833834943768
-42.72833834943768
-37.72833834943768
-34.72833834943768
-29.728338349437678
-22.728338349437678
-19.728338349437678
-16.728338349437678
-10.728338349437678
-8.728338349437678
-9.728338349437678
-4.728338349437678
-2.728338349437678
-3.728338349437678
-1.7283383494376778
6.271661650562322
17.271661650562322
19.271661650562322
15.271661650562322
17.271661650562322
14.271661650562322
0.27166165056232217
-2.728338349437678
0.27166165056232217
-2.728338349437678
-4.728338349437678
-0.7283383494376778
6.271661650562322
-1.7283383494376778
-6.728338349437678
-10.728338349437678
-20.728338349437678
-24.728338349437678
-23.728338349437678
-14.728338349437678
-6.728338349437678
-2.728338349437678
3.271661650562322
1.2716616505623222
-0.7283383494376778
6.271661650562322
4.271661650562322
6.271661650562322
7.271661650562322
3.271661650562322
6.271661650562322
8.271661650562322
9.271661650562322
3.271661650562322
-2.728338349437678
2.271661650562322
1.2716616505623222
4.271661650562322
12.271661650562322
14.271661650562322
12.271661650562322
11.271661650562322
12.271661650562322
19.271661650562322
30.271661650562322
35.27166165056232
38.27166165056232
45.27166165056232
53.27166165056232
49.27166165056232
39.27166165056232
30.271661650562322
28.271661650562322
36.27166165056232
40.27166165056232
44.27166165056232
49.27166165056232
46.27166165056232
41.27166165056232
37.27166165056232
26.271661650562322
23.271661650562322
31.271661650562322
37.27166165056232
39.27166165056232
39.27166165056232
41.27166165056232
38.27166165056232
33.27166165056232
32.27166165056232
31.271661650562322
31.271661650562322
31.271661650562322
34.27166165056232
31.271661650562322
28.271661650562322
30.271661650562322
32.27166165056232
40.27166165056232
46.27166165056232
49.27166165056232
55.27166165056232
53.27166165056232
52.27166165056232
50.27166165056232
40.27166165056232
36.27166165056232
43.27166165056232
46.27166165056232
50.27166165056232
49.27166165056232
47.27166165056232
51.27166165056232
48.27166165056232
49.27166165056232
53.27166165056232
59.27166165056232
64.27166165056232
67.27166165056232
75.27166165056232
76.27166165056232
68.27166165056232
60.27166165056232
55.27166165056232
49.27166165056232
44.27166165056232
44.27166165056232
40.27166165056232
36.27166165056232
33.27166165056232
30.271661650562322
32.27166165056232
32.27166165056232
35.27166165056232
41.27166165056232
36.27166165056232
27.271661650562322
27.271661650562322
26.271661650562322
16.271661650562322
22.271661650562322
27.271661650562322
29.271661650562322
32.27166165056232
29.271661650562322
31.271661650562322
34.27166165056232
36.27166165056232
35.27166165056232
33.27166165056232
35.27166165056232
41.27166165056232
50.27166165056232
52.27166165056232
46.27166165056232
42.27166165056232
37.27166165056232
30.271661650562322
30.271661650562322
35.27166165056232
38.27166165056232
40.27166165056232
41.27166165056232
43.27166165056232
47.27166165056232
51.27166165056232
51.27166165056232
57.27166165056232
57.27166165056232
51.27166165056232
51.27166165056232
50.27166165056232
50.27166165056232
54.27166165056232
54.27166165056232
51.27166165056232
44.27166165056232
35.27166165056232
32.27166165056232
25.271661650562322
20.271661650562322
23.271661650562322
27.271661650562322
32.27166165056232
36.27166165056232
35.27166165056232
35.27166165056232
36.27166165056232
39.27166165056232
40.27166165056232
38.27166165056232
39.27166165056232
38.27166165056232
39.27166165056232
46.27166165056232
50.27166165056232
48.27166165056232
43.27166165056232
41.27166165056232
43.27166165056232
43.27166165056232
44.27166165056232
50.27166165056232
50.27166165056232
47.27166165056232
48.27166165056232
47.27166165056232
53.27166165056232
54.27166165056232
52.27166165056232
50.27166165056232
43.27166165056232
41.27166165056232
33.27166165056232
30.271661650562322
36.27166165056232
37.27166165056232
45.27166165056232
46.27166165056232
48.27166165056232
58.27166165056232
59.27166165056232
59.27166165056232
55.27166165056232
55.27166165056232
60.27166165056232
61.27166165056232
70.27166165056232
71.27166165056232
68.27166165056232
59.27166165056232
47.27166165056232
45.27166165056232
40.27166165056232
38.27166165056232
38.27166165056232
42.27166165056232
48.27166165056232
47.27166165056232
46.27166165056232
44.27166165056232
37.27166165056232
40.27166165056232
48.27166165056232
49.27166165056232
43.27166165056232
35.27166165056232
35.27166165056232
30.271661650562322
26.271661650562322
28.271661650562322
25.271661650562322
32.27166165056232
36.27166165056232
35.27166165056232
42.27166165056232
46.27166165056232
41.27166165056232
34.27166165056232
32.27166165056232
36.27166165056232
38.27166165056232
34.27166165056232
38.27166165056232
37.27166165056232
24.271661650562322
16.271661650562322
9.271661650562322
0.27166165056232217
-2.728338349437678
3.271661650562322
12.271661650562322
17.271661650562322
16.271661650562322
12.271661650562322
12.271661650562322
7.271661650562322
1.2716616505623222
7.271661650562322
9.271661650562322
8.271661650562322
13.271661650562322
12.271661650562322
0.27166165056232217
-7.728338349437678
-11.728338349437678
-17.728338349437678
-18.728338349437678
-15.728338349437678
-17.728338349437678
-20.728338349437678
-21.728338349437678
-21.728338349437678
-23.728338349437678
-32.72833834943768
-39.72833834943768
-40.72833834943768
-43.72833834943768
-47.72833834943768
-47.72833834943768
-44.72833834943768
-51.72833834943768
-57.72833834943768
-61.72833834943768
-66.72833834943768
-59.72833834943768
-50.72833834943768
-50.72833834943768
-50.72833834943768
-49.72833834943768
-52.72833834943768
-55.72833834943768
-53.72833834943768
-45.72833834943768
-41.72833834943768
-41.72833834943768
-41.72833834943768
-45.72833834943768
-53.72833834943768
-67.72833834943768
-76.72833834943768
-79.72833834943768
-83.72833834943768
-86.72833834943768
-85.72833834943768
-89.72833834943768
-97.72833834943768
-98.72833834943768
-98.72833834943768
-95.72833834943768
-97.72833834943768
-102.72833834943768
-106.72833834943768
-110.72833834943768
-105.72833834943768
-106.72833834943768
-104.72833834943768
-100.72833834943768
-104.72833834943768
-98.72833834943768
-94.72833834943768
-98.72833834943768
-98.72833834943768
-102.72833834943768
-103.72833834943768
-112.72833834943768
-122.72833834943768
-121.72833834943768
-122.72833834943768
-123.72833834943768
-120.72833834943768
-120.72833834943768
-123.72833834943768
-124.72833834943768
-124.72833834943768
-126.72833834943768
-123.72833834943768
-117.72833834943768
-117.72833834943768
-119.72833834943768
-116.72833834943768
-120.72833834943768
-121.72833834943768
-118.72833834943768
-121.72833834943768
-126.72833834943768
-126.72833834943768
-119.72833834943768
-116.72833834943768
-109.72833834943768
-104.72833834943768
-108.72833834943768
-113.72833834943768
-119.72833834943768
-120.72833834943768
-122.72833834943768
-128.72833834943768
-130.72833834943768
-132.72833834943768
-134.72833834943768
-137.72833834943768
-135.72833834943768
-136.72833834943768
-137.72833834943768
-134.72833834943768
-133.72833834943768
-126.72833834943768
-119.72833834943768
-119.72833834943768
-118.72833834943768
-116.72833834943768
-112.72833834943768
-118.72833834943768
-121.72833834943768
-117.72833834943768
-118.72833834943768
-119.72833834943768
-118.72833834943768
-116.72833834943768
-112.72833834943768
-109.72833834943768
-108.72833834943768
-103.72833834943768
-98.72833834943768
-96.72833834943768
-96.72833834943768
-95.72833834943768
-89.72833834943768
-86.72833834943768
-88.72833834943768
-92.72833834943768
-92.72833834943768
-88.72833834943768
-86.72833834943768
-86.72833834943768
-80.72833834943768
-74.72833834943768
-76.72833834943768
-75.72833834943768
-72.72833834943768
-76.72833834943768
-80.72833834943768
-80.72833834943768
-78.72833834943768
-75.72833834943768
-72.72833834943768
-76.72833834943768
-83.72833834943768
-79.72833834943768
-79.72833834943768
-88.72833834943768
-91.72833834943768
-85.72833834943768
-79.72833834943768
-74.72833834943768
-67.72833834943768
-66.72833834943768
-63.72833834943768
-58.72833834943768
-54.72833834943768
-49.72833834943768
-45.72833834943768
-36.72833834943768
-29.728338349437678
-22.728338349437678
-16.728338349437678
-19.728338349437678
-16.728338349437678
-16.728338349437678
-21.728338349437678
-20.728338349437678
-27.728338349437678
-34.72833834943768
-38.72833834943768
-43.72833834943768
-43.72833834943768
-39.72833834943768
-32.72833834943768
-30.728338349437678
-33.72833834943768
-33.72833834943768
-25.728338349437678
-21.728338349437678
-23.728338349437678
-25.728338349437678
-25.728338349437678
-17.728338349437678
-5.728338349437678
3.271661650562322
9.271661650562322
13.271661650562322
13.271661650562322
11.271661650562322
12.271661650562322
11.271661650562322
15.271661650562322
29.271661650562322
35.27166165056232
42.27166165056232
51.27166165056232
51.27166165056232
51.27166165056232
55.27166165056232
61.27166165056232
64.27166165056232
67.27166165056232
61.27166165056232
63.27166165056232
67.27166165056232
64.27166165056232
66.27166165056232
60.27166165056232
58.27166165056232
54.27166165056232
50.27166165056232
56.27166165056232
58.27166165056232
61.27166165056232
59.27166165056232
62.27166165056232
71.27166165056232
76.27166165056232
80.27166165056232
81.27166165056232
80.27166165056232
79.27166165056232
77.27166165056232
74.27166165056232
74.27166165056232
79.27166165056232
91.27166165056232
95.27166165056232
100.27166165056232
110.27166165056232
111.27166165056232
112.27166165056232
112.27166165056232
110.27166165056232
113.27166165056232
114.27166165056232
117.27166165056232
121.27166165056232
122.27166165056232
124.27166165056232
128.27166165056232
133.27166165056232
132.27166165056232
129.27166165056232
130.27166165056232
129.27166165056232
128.27166165056232
127.27166165056232
127.27166165056232
125.27166165056232
119.27166165056232
123.27166165056232
126.27166165056232
121.27166165056232
119.27166165056232
115.27166165056232
113.27166165056232
109.27166165056232
103.27166165056232
104.27166165056232
112.27166165056232
113.27166165056232
112.27166165056232
120.27166165056232
126.27166165056232
125.27166165056232
128.27166165056232
135.27166165056232
142.27166165056232
143.27166165056232
146.27166165056232
154.27166165056232
155.27166165056232
152.27166165056232
148.27166165056232
145.27166165056232
142.27166165056232
140.27166165056232
148.27166165056232
151.27166165056232
150.27166165056232
148.27166165056232
151.27166165056232
150.27166165056232
141.27166165056232
145.27166165056232
148.27166165056232
143.27166165056232
136.27166165056232
130.27166165056232
123.27166165056232
120.27166165056232
120.27166165056232
122.27166165056232
119.27166165056232
120.27166165056232
124.27166165056232
117.27166165056232
108.27166165056232
106.27166165056232
112.27166165056232
114.27166165056232
120.27166165056232
129.27166165056232
135.27166165056232
136.27166165056232
134.27166165056232
138.27166165056232
141.27166165056232
145.27166165056232
145.27166165056232
144.27166165056232
148.27166165056232
149.27166165056232
146.27166165056232
141.27166165056232
138.27166165056232
132.27166165056232
133.27166165056232
137.27166165056232
138.27166165056232
139.27166165056232
131.27166165056232
131.27166165056232
130.27166165056232
121.27166165056232
120.27166165056232
117.27166165056232
110.27166165056232
105.27166165056232
97.27166165056232
86.27166165056232
79.27166165056232
81.27166165056232
82.27166165056232
81.27166165056232
82.27166165056232
86.27166165056232
89.27166165056232
88.27166165056232
88.27166165056232
94.27166165056232
100.27166165056232
101.27166165056232
106.27166165056232
113.27166165056232
117.27166165056232
121.27166165056232
120.27166165056232
119.27166165056232
116.27166165056232
108.27166165056232
111.27166165056232
111.27166165056232
110.27166165056232
114.27166165056232
109.27166165056232
103.27166165056232
97.27166165056232
89.27166165056232
89.27166165056232
83.27166165056232
78.27166165056232
83.27166165056232
85.27166165056232
86.27166165056232
84.27166165056232
82.27166165056232
81.27166165056232
78.27166165056232
79.27166165056232
82.27166165056232
82.27166165056232
86.27166165056232
92.27166165056232
92.27166165056232
89.27166165056232
88.27166165056232
86.27166165056232
88.27166165056232
94.27166165056232
98.27166165056232
101.27166165056232
99.27166165056232
94.27166165056232
91.27166165056232
88.27166165056232
86.27166165056232
84.27166165056232
88.27166165056232
90.27166165056232
87.27166165056232
84.27166165056232
78.27166165056232
76.27166165056232
76.27166165056232
72.27166165056232
70.27166165056232
67.27166165056232
66.27166165056232
59.27166165056232
56.27166165056232
54.27166165056232
52.27166165056232
52.27166165056232
50.27166165056232
50.27166165056232
51.27166165056232
51.27166165056232
46.27166165056232
50.27166165056232
55.27166165056232
48.27166165056232
43.27166165056232
44.27166165056232
43.27166165056232
37.27166165056232
31.271661650562322
28.271661650562322
26.271661650562322
25.271661650562322
29.271661650562322
39.27166165056232
45.27166165056232
51.27166165056232
56.27166165056232
55.27166165056232
55.27166165056232
57.27166165056232
61.27166165056232
67.27166165056232
70.27166165056232
73.27166165056232
72.27166165056232
69.27166165056232
65.27166165056232
62.27166165056232
62.27166165056232
54.27166165056232
43.27166165056232
42.27166165056232
43.27166165056232
40.27166165056232
38.27166165056232
33.27166165056232
28.271661650562322
22.271661650562322
13.271661650562322
3.271661650562322
0.27166165056232217
-1.7283383494376778
-5.728338349437678
-4.728338349437678
-6.728338349437678
-1.7283383494376778
6.271661650562322
10.271661650562322
13.271661650562322
13.271661650562322
12.271661650562322
10.271661650562322
13.271661650562322
15.271661650562322
17.271661650562322
24.271661650562322
25.271661650562322
26.271661650562322
32.27166165056232
33.27166165056232
30.271661650562322
30.271661650562322
25.271661650562322
19.271661650562322
18.271661650562322
16.271661650562322
14.271661650562322
15.271661650562322
13.271661650562322
3.271661650562322
-0.7283383494376778
-7.728338349437678
-16.728338349437678
-12.728338349437678
-8.728338349437678
-11.728338349437678
-16.728338349437678
-18.728338349437678
-15.728338349437678
-17.728338349437678
-21.728338349437678
-23.728338349437678
-25.728338349437678
-28.728338349437678
-32.72833834943768
-37.72833834943768
-38.72833834943768
-38.72833834943768
-39.72833834943768
-39.72833834943768
-38.72833834943768
-41.72833834943768
-44.72833834943768
-43.72833834943768
-46.72833834943768
-46.72833834943768
-43.72833834943768
-41.72833834943768
-35.72833834943768
-36.72833834943768
-38.72833834943768
-34.72833834943768
-37.72833834943768
-37.72833834943768
-33.72833834943768
-33.72833834943768
-29.728338349437678
-25.728338349437678
-18.728338349437678
-14.728338349437678
-18.728338349437678
-22.728338349437678
-28.728338349437678
-34.72833834943768
-37.72833834943768
-38.72833834943768
-42.72833834943768
-50.72833834943768
-51.72833834943768
-56.72833834943768
-66.72833834943768
-62.72833834943768
-56.72833834943768
-53.72833834943768
-53.72833834943768
-50.72833834943768
-42.72833834943768
-38.72833834943768
-41.72833834943768
-47.72833834943768
-47.72833834943768
-47.72833834943768
-53.72833834943768
-57.72833834943768
-62.72833834943768
-65.72833834943768
-72.72833834943768
-77.72833834943768
-77.72833834943768
-76.72833834943768
-69.72833834943768
-59.72833834943768
-50.72833834943768
-46.72833834943768
-47.72833834943768
-43.72833834943768
-44.72833834943768
-51.72833834943768
-54.72833834943768
-57.72833834943768
-57.72833834943768
-56.72833834943768
-55.72833834943768
-59.72833834943768
-68.72833834943768
-70.72833834943768
-76.72833834943768
-75.72833834943768
-70.72833834943768
-69.72833834943768
-68.72833834943768
-68.72833834943768
-73.72833834943768
-83.72833834943768
-92.72833834943768
-97.72833834943768
-101.72833834943768
-99.72833834943768
-98.72833834943768
-96.72833834943768
-92.72833834943768
-98.72833834943768
-99.72833834943768
-98.72833834943768
-94.72833834943768
-92.72833834943768
-98.72833834943768
-94.72833834943768
-86.72833834943768
-83.72833834943768
-85.72833834943768
-82.72833834943768
-84.72833834943768
-88.72833834943768
-87.72833834943768
-92.72833834943768
-97.72833834943768
-102.72833834943768
-106.72833834943768
-112.72833834943768
-116.72833834943768
-110.72833834943768
-107.72833834943768
-104.72833834943768
-98.72833834943768
-92.72833834943768
-83.72833834943768
-74.72833834943768
-77.72833834943768
-81.72833834943768
-77.72833834943768
-79.72833834943768
-78.72833834943768
-76.72833834943768
-82.72833834943768
-87.72833834943768
-94.72833834943768
-97.72833834943768
-95.72833834943768
-93.72833834943768
-90.72833834943768
-88.72833834943768
-93.72833834943768
-97.72833834943768
-95.72833834943768
-96.72833834943768
-97.72833834943768
-95.72833834943768
-95.72833834943768
-95.72833834943768
-94.72833834943768
-87.72833834943768
-84.72833834943768
-86.72833834943768
-86.72833834943768
-89.72833834943768
-92.72833834943768
-100.72833834943768
-100.72833834943768
-99.72833834943768
-103.72833834943768
-101.72833834943768
-100.72833834943768
-96.72833834943768
-92.72833834943768
-88.72833834943768
-82.72833834943768
-74.72833834943768
-71.72833834943768
-72.72833834943768
-68.72833834943768
-66.72833834943768
-71.72833834943768
-75.72833834943768
-82.72833834943768
-89.72833834943768
-95.72833834943768
-97.72833834943768
-99.72833834943768
-102.72833834943768
-103.72833834943768
-105.72833834943768
-105.72833834943768
-101.72833834943768
-99.72833834943768
-90.72833834943768
-83.72833834943768
-83.72833834943768
-74.72833834943768
-65.72833834943768
-65.72833834943768
-63.72833834943768
-62.72833834943768
-63.72833834943768
-62.72833834943768
-61.72833834943768
-61.72833834943768
-64.72833834943768
-58.72833834943768
-49.72833834943768
-52.72833834943768
-40.72833834943768
-33.72833834943768
-33.72833834943768
-28.728338349437678
-31.728338349437678
-25.728338349437678
-25.728338349437678
-34.72833834943768
-34.72833834943768
-39.72833834943768
-44.72833834943768
-44.72833834943768
-43.72833834943768
-41.72833834943768
-40.72833834943768
-33.72833834943768
-29.728338349437678
-32.72833834943768
-26.728338349437678
-16.728338349437678
-14.728338349437678
-13.728338349437678
-9.728338349437678
-4.728338349437678
-4.728338349437678
-2.728338349437678
5.271661650562322
9.271661650562322
15.271661650562322
21.271661650562322
22.271661650562322
26.271661650562322
30.271661650562322
32.27166165056232
34.27166165056232
37.27166165056232
32.27166165056232
28.271661650562322
21.271661650562322
17.271661650562322
20.271661650562322
23.271661650562322
28.271661650562322
32.27166165056232
28.271661650562322
24.271661650562322
18.271661650562322
20.271661650562322
23.271661650562322
22.271661650562322
32.27166165056232
34.27166165056232
33.27166165056232
40.27166165056232
33.27166165056232
30.271661650562322
32.27166165056232
32.27166165056232
35.27166165056232
36.27166165056232
34.27166165056232
29.271661650562322
30.271661650562322
34.27166165056232
32.27166165056232
29.271661650562322
36.27166165056232
39.27166165056232
38.27166165056232
38.27166165056232
40.27166165056232
44.27166165056232
45.27166165056232
44.27166165056232
48.27166165056232
50.27166165056232
58.27166165056232
66.27166165056232
73.27166165056232
83.27166165056232
82.27166165056232
85.27166165056232
88.27166165056232
84.27166165056232
84.27166165056232
80.27166165056232
81.27166165056232
84.27166165056232
83.27166165056232
87.27166165056232
83.27166165056232
77.27166165056232
79.27166165056232
82.27166165056232
77.27166165056232
77.27166165056232
79.27166165056232
80.27166165056232
85.27166165056232
89.27166165056232
95.27166165056232
101.27166165056232
104.27166165056232
108.27166165056232
105.27166165056232
105.27166165056232
104.27166165056232
97.27166165056232
94.27166165056232
96.27166165056232
98.27166165056232
99.27166165056232
103.27166165056232
106.27166165056232
103.27166165056232
102.27166165056232
104.27166165056232
106.27166165056232
104.27166165056232
108.27166165056232
111.27166165056232
112.27166165056232
116.27166165056232
115.27166165056232
116.27166165056232
116.27166165056232
115.27166165056232
113.27166165056232
105.27166165056232
98.27166165056232
93.27166165056232
95.27166165056232
94.27166165056232
89.27166165056232
90.27166165056232
95.27166165056232
99.27166165056232
104.27166165056232
109.27166165056232
112.27166165056232
109.27166165056232
105.27166165056232
104.27166165056232
98.27166165056232
96.27166165056232
101.27166165056232
105.27166165056232
104.27166165056232
106.27166165056232
106.27166165056232
105.27166165056232
116.27166165056232
118.27166165056232
124.27166165056232
124.27166165056232
117.27166165056232
117.27166165056232
111.27166165056232
108.27166165056232
104.27166165056232
105.27166165056232
99.27166165056232
93.27166165056232
99.27166165056232
98.27166165056232
99.27166165056232
100.27166165056232
106.27166165056232
111.27166165056232
109.27166165056232
112.27166165056232
110.27166165056232
111.27166165056232
109.27166165056232
101.27166165056232
101.27166165056232
99.27166165056232
99.27166165056232
100.27166165056232
97.27166165056232
94.27166165056232
92.27166165056232
94.27166165056232
98.27166165056232
96.27166165056232
95.27166165056232
96.27166165056232
89.27166165056232
83.27166165056232
77.27166165056232
78.27166165056232
80.27166165056232
76.27166165056232
83.27166165056232
85.27166165056232
84.27166165056232
88.27166165056232
90.27166165056232
88.27166165056232
83.27166165056232
83.27166165056232
83.27166165056232
82.27166165056232
85.27166165056232
87.27166165056232
85.27166165056232
86.27166165056232
86.27166165056232
81.27166165056232
71.27166165056232
65.27166165056232
66.27166165056232
65.27166165056232
61.27166165056232
61.27166165056232
65.27166165056232
60.27166165056232
50.27166165056232
45.27166165056232
39.27166165056232
42.27166165056232
48.27166165056232
49.27166165056232
52.27166165056232
55.27166165056232
54.27166165056232
52.27166165056232
51.27166165056232
49.27166165056232
50.27166165056232
55.27166165056232
55.27166165056232
59.27166165056232
58.27166165056232
51.27166165056232
45.27166165056232
40.27166165056232
35.27166165056232
29.271661650562322
26.271661650562322
27.271661650562322
29.271661650562322
31.271661650562322
39.27166165056232
45.27166165056232
44.27166165056232
45.27166165056232
45.27166165056232
46.27166165056232
47.27166165056232
46.27166165056232
48.27166165056232
46.27166165056232
46.27166165056232
45.27166165056232
39.27166165056232
28.271661650562322
16.271661650562322
14.271661650562322
13.271661650562322
5.271661650562322
-2.728338349437678
-2.728338349437678
-2.728338349437678
-2.728338349437678
1.2716616505623222
1.2716616505623222
4.271661650562322
9.271661650562322
6.271661650562322
-2.728338349437678
-4.728338349437678
0.27166165056232217
0.27166165056232217
6.271661650562322
13.271661650562322
13.271661650562322
12.271661650562322
10.271661650562322
11.271661650562322
13.271661650562322
17.271661650562322
18.271661650562322
18.271661650562322
15.271661650562322
12.271661650562322
16.271661650562322
12.271661650562322
9.271661650562322
7.271661650562322
3.271661650562322
2.271661650562322
-2.728338349437678
-2.728338349437678
-6.728338349437678
-8.728338349437678
-9.728338349437678
-12.728338349437678
-10.728338349437678
-10.728338349437678
-14.728338349437678
-18.728338349437678
-24.728338349437678
-32.72833834943768
-28.728338349437678
-27.728338349437678
-28.728338349437678
-21.728338349437678
-18.728338349437678
-14.728338349437678
-12.728338349437678
-7.728338349437678
-7.728338349437678
-12.728338349437678
-14.728338349437678
-18.728338349437678
-18.728338349437678
-16.728338349437678
-17.728338349437678
-16.728338349437678
-19.728338349437678
-20.728338349437678
-23.728338349437678
-26.728338349437678
-31.728338349437678
-35.72833834943768
-31.728338349437678
-30.728338349437678
-25.728338349437678
-21.728338349437678
-20.728338349437678
-19.728338349437678
-19.728338349437678
-17.728338349437678
-16.728338349437678
-11.728338349437678
-13.728338349437678
-20.728338349437678
-27.728338349437678
-29.728338349437678
-31.728338349437678
-37.72833834943768
-42.72833834943768
-42.72833834943768
-42.72833834943768
-48.72833834943768
-52.72833834943768
-51.72833834943768
-40.72833834943768
-31.728338349437678
-23.728338349437678
-16.728338349437678
-18.728338349437678
-17.728338349437678
-16.728338349437678
-16.728338349437678
-15.728338349437678
-14.728338349437678
-14.728338349437678
-15.728338349437678
-18.728338349437678
-24.728338349437678
-26.728338349437678
-28.728338349437678
-33.72833834943768
-38.72833834943768
-46.72833834943768
-52.72833834943768
-51.72833834943768
-49.72833834943768
-47.72833834943768
-48.72833834943768
-48.72833834943768
-45.72833834943768
-40.72833834943768
-39.72833834943768
-44.72833834943768
-47.72833834943768
-43.72833834943768
-42.72833834943768
-43.72833834943768
-41.72833834943768
-43.72833834943768
-43.72833834943768
-47.72833834943768
-49.72833834943768
-51.72833834943768
-56.72833834943768
-53.72833834943768
-52.72833834943768
-51.72833834943768
-51.72833834943768
-51.72833834943768
-44.72833834943768
-41.72833834943768
-39.72833834943768
-35.72833834943768
-35.72833834943768
-38.72833834943768
-39.72833834943768
-39.72833834943768
-43.72833834943768
-43.72833834943768
-36.72833834943768
-31.728338349437678
-29.728338349437678
-35.72833834943768
-39.72833834943768
-41.72833834943768
-44.72833834943768
-38.72833834943768
-33.72833834943768
-28.728338349437678
-23.728338349437678
-21.728338349437678
-17.728338349437678
-17.728338349437678
-14.728338349437678
-12.728338349437678
-13.728338349437678
-16.728338349437678
-28.728338349437678
-31.728338349437678
-29.728338349437678
-36.72833834943768
-38.72833834943768
-30.728338349437678
-30.728338349437678
-34.72833834943768
-32.72833834943768
-30.728338349437678
-34.72833834943768
-34.72833834943768
-28.728338349437678
-25.728338349437678
-19.728338349437678
-17.728338349437678
-16.728338349437678
-18.728338349437678
-19.728338349437678
-14.728338349437678
-17.728338349437678
-15.728338349437678
-11.728338349437678
-18.728338349437678
-20.728338349437678
-20.728338349437678
-27.728338349437678
-31.728338349437678
-32.72833834943768
-33.72833834943768
-30.728338349437678
-29.728338349437678
-27.728338349437678
-26.728338349437678
-24.728338349437678
-24.728338349437678
-27.728338349437678
-25.728338349437678
-25.728338349437678
-27.728338349437678
-28.728338349437678
-23.728338349437678
-23.728338349437678
-27.728338349437678
-21.728338349437678
-19.728338349437678
-22.728338349437678
-14.728338349437678
-3.728338349437678
0.27166165056232217
7.271661650562322
7.271661650562322
6.271661650562322
1.2716616505623222
-12.728338349437678
-15.728338349437678
-19.728338349437678
-21.728338349437678
-22.728338349437678
-29.728338349437678
-28.728338349437678
-28.728338349437678
-29.728338349437678
-27.728338349437678
-26.728338349437678
-26.728338349437678
-24.728338349437678
-23.728338349437678
-23.728338349437678
-22.728338349437678
-20.728338349437678
-17.728338349437678
-16.728338349437678
-13.728338349437678
-13.728338349437678
-15.728338349437678
-14.728338349437678
-16.728338349437678
-16.728338349437678
-17.728338349437678
-18.728338349437678
-13.728338349437678
-10.728338349437678
-6.728338349437678
2.271661650562322
9.271661650562322
16.271661650562322
21.271661650562322
21.271661650562322
21.271661650562322
21.271661650562322
12.271661650562322
0.27166165056232217
-9.728338349437678
-17.728338349437678
-21.728338349437678
-20.728338349437678
-21.728338349437678
-20.728338349437678
-23.728338349437678
-22.728338349437678
-15.728338349437678
-16.728338349437678
-14.728338349437678
-14.728338349437678
-15.728338349437678
-10.728338349437678
-13.728338349437678
-14.728338349437678
-7.728338349437678
-4.728338349437678
-3.728338349437678
0.27166165056232217
-0.7283383494376778
0.27166165056232217
-2.728338349437678
-7.728338349437678
-7.728338349437678
-14.728338349437678
-11.728338349437678
-12.728338349437678
-22.728338349437678
-20.728338349437678
-19.728338349437678
-18.728338349437678
-13.728338349437678
-13.728338349437678
-10.728338349437678
-10.728338349437678
-14.728338349437678
-15.728338349437678
-13.728338349437678
-8.728338349437678
-5.728338349437678
-12.728338349437678
-15.728338349437678
-10.728338349437678
-6.728338349437678
-1.7283383494376778
0.27166165056232217
0.27166165056232217
-1.7283383494376778
-1.7283383494376778
-5.728338349437678
-8.728338349437678
-0.7283383494376778
1.2716616505623222
7.271661650562322
12.271661650562322
9.271661650562322
7.271661650562322
10.271661650562322
9.271661650562322
4.271661650562322
2.271661650562322
-1.7283383494376778
7.271661650562322
14.271661650562322
16.271661650562322
20.271661650562322
20.271661650562322
21.271661650562322
21.271661650562322
17.271661650562322
16.271661650562322
19.271661650562322
19.271661650562322
14.271661650562322
14.271661650562322
17.271661650562322
18.271661650562322
17.271661650562322
14.271661650562322
11.271661650562322
4.271661650562322
-0.7283383494376778
2.271661650562322
-0.7283383494376778
1.2716616505623222
3.271661650562322
10.271661650562322
18.271661650562322
18.271661650562322
19.271661650562322
22.271661650562322
28.271661650562322
32.27166165056232
29.271661650562322
32.27166165056232
38.27166165056232
38.27166165056232
31.271661650562322
26.271661650562322
24.271661650562322
17.271661650562322
19.271661650562322
22.271661650562322
19.271661650562322
22.271661650562322
24.271661650562322
21.271661650562322
18.271661650562322
10.271661650562322
0.27166165056232217
-4.728338349437678
-4.728338349437678
0.27166165056232217
-3.728338349437678
-5.728338349437678
-4.728338349437678
-8.728338349437678
-6.728338349437678
-10.728338349437678
-11.728338349437678
-12.728338349437678
-15.728338349437678
-16.728338349437678
-18.728338349437678
-19.728338349437678
-18.728338349437678
-13.728338349437678
-9.728338349437678
-4.728338349437678
3.271661650562322
11.271661650562322
17.271661650562322
23.271661650562322
27.271661650562322
32.27166165056232
36.27166165056232
29.271661650562322
27.271661650562322
21.271661650562322
12.271661650562322
4.271661650562322
-6.728338349437678
-12.728338349437678
-20.728338349437678
-26.728338349437678
-25.728338349437678
-27.728338349437678
-31.728338349437678
-33.72833834943768
-33.72833834943768
-31.728338349437678
-31.728338349437678
-33.72833834943768
-26.728338349437678
-21.728338349437678
-21.728338349437678
-22.728338349437678
-21.728338349437678
-16.728338349437678
-16.728338349437678
-16.728338349437678
-7.728338349437678
-3.728338349437678
-6.728338349437678
-11.728338349437678
-17.728338349437678
-17.728338349437678
-19.728338349437678
-15.728338349437678
-11.728338349437678
-10.728338349437678
-2.728338349437678
-2.728338349437678
-5.728338349437678
-5.728338349437678
-5.728338349437678
-3.728338349437678
-10.728338349437678
-15.728338349437678
-18.728338349437678
-22.728338349437678
-23.728338349437678
-29.728338349437678
-37.72833834943768
-48.72833834943768
-52.72833834943768
-49.72833834943768
-52.72833834943768
-49.72833834943768
-50.72833834943768
-51.72833834943768
-49.72833834943768
-51.72833834943768
-51.72833834943768
-52.72833834943768
-46.72833834943768
-37.72833834943768
-29.728338349437678
-23.728338349437678
-25.728338349437678
-28.728338349437678
-25.728338349437678
-26.728338349437678
-29.728338349437678
-27.728338349437678
-28.728338349437678
-33.72833834943768
-34.72833834943768
-30.728338349437678
-29.728338349437678
-34.72833834943768
-39.72833834943768
-42.72833834943768
-45.72833834943768
-52.72833834943768
-51.72833834943768
-45.72833834943768
-43.72833834943768
-41.72833834943768
-37.72833834943768
-39.72833834943768
-41.72833834943768
-43.72833834943768
-48.72833834943768
-48.72833834943768
-48.72833834943768
-50.72833834943768
-46.72833834943768
-46.72833834943768
-48.72833834943768
-45.72833834943768
-49.72833834943768
-48.72833834943768
-44.72833834943768
-45.72833834943768
-41.72833834943768
-39.72833834943768
-33.72833834943768
-30.728338349437678
-29.728338349437678
-24.728338349437678
-21.728338349437678
-18.728338349437678
-15.728338349437678
-13.728338349437678
-16.728338349437678
-21.728338349437678
-26.728338349437678
-29.728338349437678
-30.728338349437678
-33.72833834943768
-34.72833834943768
-34.72833834943768
-37.72833834943768
-36.72833834943768
-28.728338349437678
-26.728338349437678
-25.728338349437678
-24.728338349437678
-28.728338349437678
-32.72833834943768
-32.72833834943768
-33.72833834943768
-35.72833834943768
-32.72833834943768
-34.72833834943768
-34.72833834943768
-34.72833834943768
-34.72833834943768
-26.728338349437678
-24.728338349437678
-21.728338349437678
-16.728338349437678
-16.728338349437678
-16.728338349437678
-9.728338349437678
-8.728338349437678
-7.728338349437678
-2.728338349437678
-2.728338349437678
-3.728338349437678
-4.728338349437678
-4.728338349437678
-2.728338349437678
-7.728338349437678
-8.728338349437678
-5.728338349437678
-5.728338349437678
-6.728338349437678
-10.728338349437678
-11.728338349437678
-11.728338349437678
-8.728338349437678
-3.728338349437678
-1.7283383494376778
1.2716616505623222
5.271661650562322
5.271661650562322
14.271661650562322
21.271661650562322
26.271661650562322
30.271661650562322
25.271661650562322
25.271661650562322
25.271661650562322
22.271661650562322
27.271661650562322
29.271661650562322
29.271661650562322
35.27166165056232
35.27166165056232
31.271661650562322
27.271661650562322
30.271661650562322
34.27166165056232
33.27166165056232
35.27166165056232
